16 92 92 
15 60 39 
71 46 12 
50 18 9 
37 8 66 
24 77 96 
66 88 84 
78 0 65 
48 94 30 
97 21 49 
28 70 38 
13 65 18 
14 96 49 
86 39 4 
45 7 45 
30 24 61 
53 40 61 
96 82 70 
8 99 85 
91 59 99 
33 93 24 
41 5 88 
69 47 50 
95 19 9 
65 73 6 
38 53 48 
18 98 8 
32 64 0 
90 66 24 
39 58 56 
80 30 34 
76 32 94 
82 15 94 
55 38 74 
43 3 18 
98 48 25 
89 84 80 
77 1 23 
26 86 27 
2 90 91 
10 97 6 
4 9 80 
87 52 58 
22 45 86 
9 41 13 
34 43 77 
44 80 47 
20 62 39 
12 61 46 
7 13 25 
49 11 70 
60 50 9 
85 56 53 
25 26 70 
79 83 89 
31 42 90 
84 51 94 
11 10 87 
56 79 12 
3 95 1 
52 28 1 
23 22 70 
42 74 95 
1 57 72 
29 54 25 
83 85 75 
67 35 5 
72 49 66 
74 91 93 
59 76 98 
93 25 76 
51 55 70 
21 14 58 
62 44 60 
17 29 52 
27 2 62 
0 20 56 
54 67 97 
94 71 97 
88 72 55 
81 31 76 
46 78 32 
35 89 84 
63 34 25 
19 12 39 
36 68 4 
5 87 21 
99 81 35 
61 17 25 
6 36 14 
