0 1 79 
0 2 24 
0 3 17 
0 4 30 
0 5 33 
0 6 83 
0 7 82 
0 8 82 
0 9 78 
0 10 42 
0 11 24 
0 12 89 
0 13 81 
0 14 15 
0 15 33 
0 16 74 
0 17 75 
0 18 99 
0 19 98 
0 20 66 
0 21 57 
0 22 60 
0 23 77 
0 24 46 
0 25 47 
0 26 74 
0 27 48 
0 28 83 
0 29 15 
0 30 58 
0 31 23 
0 32 79 
0 33 69 
0 34 21 
0 35 34 
0 36 89 
0 37 49 
0 38 5 
0 39 13 
0 40 70 
0 41 58 
0 42 63 
0 43 65 
0 44 88 
0 45 6 
0 46 18 
0 47 3 
0 48 22 
0 49 24 
0 50 80 
0 51 36 
0 52 41 
0 53 97 
0 54 26 
0 55 72 
0 56 36 
0 57 41 
0 58 47 
0 59 76 
0 60 50 
0 61 26 
0 62 29 
0 63 56 
0 64 82 
0 65 35 
0 66 96 
0 67 89 
0 68 61 
0 69 98 
0 70 28 
0 71 57 
0 72 52 
0 73 78 
0 74 86 
0 75 5 
0 76 13 
0 77 60 
0 78 76 
0 79 8 
0 80 23 
0 81 70 
0 82 94 
0 83 38 
0 84 51 
0 85 61 
0 86 44 
0 87 34 
0 88 86 
0 89 80 
0 90 1 
0 91 18 
0 92 41 
0 93 5 
0 94 42 
0 95 6 
0 96 32 
0 97 54 
0 98 77 
0 99 8 
1 2 86 
1 3 16 
1 4 74 
1 5 71 
1 6 95 
1 7 46 
1 8 75 
1 9 69 
1 10 0 
1 11 65 
1 12 53 
1 13 39 
1 14 68 
1 15 17 
1 16 50 
1 17 89 
1 18 31 
1 19 51 
1 20 58 
1 21 60 
1 22 95 
1 23 17 
1 24 31 
1 25 22 
1 26 64 
1 27 8 
1 28 92 
1 29 56 
1 30 71 
1 31 29 
1 32 35 
1 33 49 
1 34 16 
1 35 48 
1 36 62 
1 37 50 
1 38 3 
1 39 25 
1 40 99 
1 41 5 
1 42 48 
1 43 48 
1 44 33 
1 45 93 
1 46 66 
1 47 96 
1 48 51 
1 49 30 
1 50 91 
1 51 93 
1 52 93 
1 53 61 
1 54 28 
1 55 68 
1 56 10 
1 57 79 
1 58 11 
1 59 3 
1 60 55 
1 61 94 
1 62 18 
1 63 38 
1 64 50 
1 65 9 
1 66 58 
1 67 4 
1 68 59 
1 69 42 
1 70 41 
1 71 88 
1 72 98 
1 73 22 
1 74 86 
1 75 93 
1 76 20 
1 77 37 
1 78 78 
1 79 96 
1 80 75 
1 81 99 
1 82 89 
1 83 85 
1 84 39 
1 85 78 
1 86 28 
1 87 88 
1 88 5 
1 89 51 
1 90 82 
1 91 11 
1 92 19 
1 93 8 
1 94 73 
1 95 78 
1 96 60 
1 97 9 
1 98 89 
1 99 86 
2 3 67 
2 4 28 
2 5 72 
2 6 99 
2 7 91 
2 8 50 
2 9 86 
2 10 4 
2 11 30 
2 12 71 
2 13 73 
2 14 21 
2 15 62 
2 16 13 
2 17 78 
2 18 5 
2 19 29 
2 20 18 
2 21 67 
2 22 62 
2 23 5 
2 24 0 
2 25 12 
2 26 39 
2 27 84 
2 28 52 
2 29 68 
2 30 24 
2 31 90 
2 32 95 
2 33 1 
2 34 21 
2 35 93 
2 36 51 
2 37 72 
2 38 17 
2 39 91 
2 40 61 
2 41 80 
2 42 2 
2 43 38 
2 44 68 
2 45 95 
2 46 42 
2 47 41 
2 48 96 
2 49 6 
2 50 24 
2 51 28 
2 52 94 
2 53 57 
2 54 6 
2 55 57 
2 56 84 
2 57 70 
2 58 43 
2 59 14 
2 60 75 
2 61 48 
2 62 1 
2 63 74 
2 64 16 
2 65 93 
2 66 65 
2 67 5 
2 68 52 
2 69 26 
2 70 55 
2 71 1 
2 72 29 
2 73 31 
2 74 73 
2 75 6 
2 76 3 
2 77 46 
2 78 32 
2 79 55 
2 80 96 
2 81 16 
2 82 66 
2 83 10 
2 84 49 
2 85 55 
2 86 35 
2 87 42 
2 88 93 
2 89 60 
2 90 83 
2 91 45 
2 92 91 
2 93 8 
2 94 5 
2 95 64 
2 96 7 
2 97 51 
2 98 74 
2 99 51 
3 4 10 
3 5 73 
3 6 36 
3 7 1 
3 8 29 
3 9 92 
3 10 11 
3 11 74 
3 12 57 
3 13 60 
3 14 43 
3 15 49 
3 16 45 
3 17 5 
3 18 32 
3 19 52 
3 20 79 
3 21 84 
3 22 22 
3 23 75 
3 24 72 
3 25 97 
3 26 3 
3 27 13 
3 28 3 
3 29 1 
3 30 80 
3 31 71 
3 32 90 
3 33 37 
3 34 33 
3 35 31 
3 36 30 
3 37 93 
3 38 65 
3 39 41 
3 40 89 
3 41 23 
3 42 67 
3 43 20 
3 44 81 
3 45 32 
3 46 2 
3 47 31 
3 48 62 
3 49 50 
3 50 4 
3 51 19 
3 52 93 
3 53 72 
3 54 42 
3 55 41 
3 56 65 
3 57 31 
3 58 44 
3 59 22 
3 60 72 
3 61 17 
3 62 17 
3 63 40 
3 64 32 
3 65 4 
3 66 52 
3 67 41 
3 68 43 
3 69 14 
3 70 94 
3 71 54 
3 72 36 
3 73 64 
3 74 17 
3 75 49 
3 76 7 
3 77 2 
3 78 26 
3 79 64 
3 80 13 
3 81 20 
3 82 32 
3 83 61 
3 84 58 
3 85 87 
3 86 12 
3 87 60 
3 88 48 
3 89 96 
3 90 48 
3 91 36 
3 92 85 
3 93 10 
3 94 92 
3 95 22 
3 96 16 
3 97 20 
3 98 85 
3 99 81 
4 5 61 
4 6 77 
4 7 59 
4 8 39 
4 9 31 
4 10 47 
4 11 69 
4 12 53 
4 13 40 
4 14 99 
4 15 39 
4 16 72 
4 17 21 
4 18 70 
4 19 47 
4 20 92 
4 21 2 
4 22 2 
4 23 24 
4 24 67 
4 25 97 
4 26 21 
4 27 97 
4 28 67 
4 29 7 
4 30 15 
4 31 79 
4 32 70 
4 33 92 
4 34 24 
4 35 3 
4 36 27 
4 37 73 
4 38 93 
4 39 7 
4 40 5 
4 41 7 
4 42 7 
4 43 71 
4 44 72 
4 45 43 
4 46 69 
4 47 8 
4 48 80 
4 49 73 
4 50 58 
4 51 37 
4 52 46 
4 53 98 
4 54 32 
4 55 78 
4 56 3 
4 57 24 
4 58 94 
4 59 70 
4 60 83 
4 61 60 
4 62 57 
4 63 4 
4 64 27 
4 65 14 
4 66 89 
4 67 90 
4 68 67 
4 69 14 
4 70 2 
4 71 87 
4 72 47 
4 73 38 
4 74 61 
4 75 51 
4 76 6 
4 77 41 
4 78 79 
4 79 86 
4 80 20 
4 81 94 
4 82 14 
4 83 34 
4 84 21 
4 85 82 
4 86 30 
4 87 97 
4 88 3 
4 89 20 
4 90 50 
4 91 3 
4 92 13 
4 93 27 
4 94 47 
4 95 80 
4 96 46 
4 97 68 
4 98 8 
4 99 46 
5 6 45 
5 7 68 
5 8 20 
5 9 2 
5 10 63 
5 11 73 
5 12 21 
5 13 82 
5 14 23 
5 15 29 
5 16 62 
5 17 12 
5 18 7 
5 19 97 
5 20 60 
5 21 34 
5 22 71 
5 23 84 
5 24 46 
5 25 42 
5 26 35 
5 27 51 
5 28 58 
5 29 20 
5 30 63 
5 31 6 
5 32 77 
5 33 62 
5 34 59 
5 35 88 
5 36 54 
5 37 64 
5 38 33 
5 39 4 
5 40 52 
5 41 50 
5 42 17 
5 43 44 
5 44 7 
5 45 51 
5 46 48 
5 47 51 
5 48 64 
5 49 95 
5 50 10 
5 51 48 
5 52 92 
5 53 41 
5 54 10 
5 55 31 
5 56 38 
5 57 72 
5 58 60 
5 59 15 
5 60 95 
5 61 9 
5 62 98 
5 63 13 
5 64 95 
5 65 11 
5 66 56 
5 67 67 
5 68 54 
5 69 70 
5 70 3 
5 71 70 
5 72 25 
5 73 80 
5 74 2 
5 75 35 
5 76 18 
5 77 70 
5 78 67 
5 79 80 
5 80 4 
5 81 31 
5 82 56 
5 83 36 
5 84 76 
5 85 44 
5 86 61 
5 87 48 
5 88 45 
5 89 40 
5 90 78 
5 91 54 
5 92 46 
5 93 19 
5 94 66 
5 95 0 
5 96 78 
5 97 19 
5 98 40 
5 99 41 
6 7 27 
6 8 22 
6 9 27 
6 10 93 
6 11 95 
6 12 15 
6 13 77 
6 14 34 
6 15 3 
6 16 51 
6 17 65 
6 18 7 
6 19 26 
6 20 4 
6 21 13 
6 22 93 
6 23 22 
6 24 62 
6 25 7 
6 26 5 
6 27 76 
6 28 34 
6 29 40 
6 30 70 
6 31 10 
6 32 44 
6 33 52 
6 34 92 
6 35 93 
6 36 57 
6 37 17 
6 38 26 
6 39 52 
6 40 27 
6 41 22 
6 42 45 
6 43 83 
6 44 65 
6 45 67 
6 46 37 
6 47 23 
6 48 90 
6 49 63 
6 50 53 
6 51 10 
6 52 29 
6 53 43 
6 54 47 
6 55 59 
6 56 83 
6 57 54 
6 58 6 
6 59 97 
6 60 22 
6 61 63 
6 62 60 
6 63 73 
6 64 10 
6 65 66 
6 66 45 
6 67 52 
6 68 54 
6 69 27 
6 70 42 
6 71 50 
6 72 77 
6 73 82 
6 74 38 
6 75 60 
6 76 91 
6 77 32 
6 78 91 
6 79 71 
6 80 95 
6 81 95 
6 82 21 
6 83 41 
6 84 35 
6 85 59 
6 86 97 
6 87 71 
6 88 7 
6 89 25 
6 90 97 
6 91 86 
6 92 71 
6 93 50 
6 94 44 
6 95 41 
6 96 56 
6 97 1 
6 98 33 
6 99 55 
7 8 2 
7 9 59 
7 10 8 
7 11 81 
7 12 0 
7 13 8 
7 14 49 
7 15 90 
7 16 0 
7 17 63 
7 18 98 
7 19 46 
7 20 63 
7 21 90 
7 22 36 
7 23 66 
7 24 29 
7 25 56 
7 26 85 
7 27 22 
7 28 94 
7 29 80 
7 30 65 
7 31 7 
7 32 29 
7 33 62 
7 34 10 
7 35 40 
7 36 90 
7 37 14 
7 38 10 
7 39 23 
7 40 20 
7 41 1 
7 42 10 
7 43 16 
7 44 16 
7 45 12 
7 46 22 
7 47 9 
7 48 65 
7 49 73 
7 50 76 
7 51 66 
7 52 45 
7 53 97 
7 54 60 
7 55 30 
7 56 40 
7 57 96 
7 58 14 
7 59 67 
7 60 12 
7 61 15 
7 62 59 
7 63 54 
7 64 34 
7 65 51 
7 66 10 
7 67 70 
7 68 57 
7 69 75 
7 70 32 
7 71 23 
7 72 61 
7 73 80 
7 74 14 
7 75 76 
7 76 69 
7 77 75 
7 78 7 
7 79 58 
7 80 78 
7 81 81 
7 82 15 
7 83 36 
7 84 69 
7 85 94 
7 86 60 
7 87 27 
7 88 28 
7 89 35 
7 90 59 
7 91 92 
7 92 86 
7 93 29 
7 94 85 
7 95 17 
7 96 24 
7 97 84 
7 98 68 
7 99 81 
8 9 39 
8 10 74 
8 11 18 
8 12 87 
8 13 36 
8 14 77 
8 15 14 
8 16 86 
8 17 72 
8 18 75 
8 19 23 
8 20 56 
8 21 86 
8 22 43 
8 23 37 
8 24 24 
8 25 3 
8 26 63 
8 27 89 
8 28 7 
8 29 84 
8 30 26 
8 31 5 
8 32 27 
8 33 11 
8 34 92 
8 35 7 
8 36 95 
8 37 44 
8 38 97 
8 39 40 
8 40 7 
8 41 6 
8 42 85 
8 43 68 
8 44 68 
8 45 59 
8 46 3 
8 47 20 
8 48 99 
8 49 16 
8 50 37 
8 51 39 
8 52 75 
8 53 2 
8 54 17 
8 55 75 
8 56 70 
8 57 11 
8 58 86 
8 59 22 
8 60 26 
8 61 74 
8 62 68 
8 63 9 
8 64 0 
8 65 38 
8 66 99 
8 67 15 
8 68 69 
8 69 33 
8 70 71 
8 71 94 
8 72 13 
8 73 76 
8 74 38 
8 75 71 
8 76 33 
8 77 68 
8 78 71 
8 79 29 
8 80 54 
8 81 33 
8 82 34 
8 83 13 
8 84 68 
8 85 54 
8 86 28 
8 87 25 
8 88 18 
8 89 9 
8 90 17 
8 91 68 
8 92 2 
8 93 59 
8 94 66 
8 95 21 
8 96 25 
8 97 65 
8 98 98 
8 99 80 
9 10 37 
9 11 72 
9 12 1 
9 13 21 
9 14 3 
9 15 31 
9 16 7 
9 17 70 
9 18 6 
9 19 23 
9 20 56 
9 21 6 
9 22 26 
9 23 51 
9 24 52 
9 25 81 
9 26 22 
9 27 2 
9 28 19 
9 29 71 
9 30 71 
9 31 30 
9 32 62 
9 33 17 
9 34 41 
9 35 54 
9 36 36 
9 37 18 
9 38 60 
9 39 15 
9 40 49 
9 41 79 
9 42 17 
9 43 57 
9 44 28 
9 45 39 
9 46 53 
9 47 10 
9 48 34 
9 49 62 
9 50 3 
9 51 85 
9 52 83 
9 53 13 
9 54 14 
9 55 30 
9 56 93 
9 57 78 
9 58 93 
9 59 5 
9 60 99 
9 61 77 
9 62 26 
9 63 44 
9 64 43 
9 65 72 
9 66 30 
9 67 41 
9 68 97 
9 69 24 
9 70 54 
9 71 25 
9 72 52 
9 73 58 
9 74 93 
9 75 27 
9 76 64 
9 77 18 
9 78 26 
9 79 74 
9 80 42 
9 81 54 
9 82 37 
9 83 98 
9 84 11 
9 85 23 
9 86 47 
9 87 50 
9 88 3 
9 89 16 
9 90 49 
9 91 3 
9 92 83 
9 93 95 
9 94 31 
9 95 41 
9 96 79 
9 97 78 
9 98 33 
9 99 37 
10 11 81 
10 12 35 
10 13 31 
10 14 45 
10 15 15 
10 16 81 
10 17 27 
10 18 87 
10 19 44 
10 20 43 
10 21 96 
10 22 73 
10 23 70 
10 24 23 
10 25 95 
10 26 70 
10 27 93 
10 28 80 
10 29 97 
10 30 24 
10 31 52 
10 32 60 
10 33 51 
10 34 86 
10 35 68 
10 36 1 
10 37 65 
10 38 36 
10 39 69 
10 40 14 
10 41 35 
10 42 33 
10 43 82 
10 44 99 
10 45 83 
10 46 73 
10 47 30 
10 48 11 
10 49 45 
10 50 9 
10 51 1 
10 52 63 
10 53 37 
10 54 88 
10 55 64 
10 56 7 
10 57 25 
10 58 12 
10 59 84 
10 60 91 
10 61 79 
10 62 11 
10 63 99 
10 64 93 
10 65 34 
10 66 36 
10 67 69 
10 68 35 
10 69 6 
10 70 81 
10 71 39 
10 72 45 
10 73 91 
10 74 42 
10 75 93 
10 76 44 
10 77 30 
10 78 12 
10 79 45 
10 80 68 
10 81 6 
10 82 92 
10 83 38 
10 84 4 
10 85 13 
10 86 4 
10 87 15 
10 88 9 
10 89 96 
10 90 9 
10 91 69 
10 92 10 
10 93 99 
10 94 70 
10 95 47 
10 96 67 
10 97 34 
10 98 65 
10 99 68 
11 12 88 
11 13 44 
11 14 36 
11 15 8 
11 16 38 
11 17 37 
11 18 4 
11 19 16 
11 20 9 
11 21 19 
11 22 54 
11 23 96 
11 24 29 
11 25 7 
11 26 65 
11 27 3 
11 28 95 
11 29 50 
11 30 20 
11 31 11 
11 32 46 
11 33 63 
11 34 64 
11 35 95 
11 36 48 
11 37 91 
11 38 3 
11 39 90 
11 40 23 
11 41 24 
11 42 23 
11 43 85 
11 44 78 
11 45 12 
11 46 58 
11 47 60 
11 48 29 
11 49 85 
11 50 10 
11 51 95 
11 52 72 
11 53 51 
11 54 55 
11 55 36 
11 56 65 
11 57 26 
11 58 60 
11 59 70 
11 60 44 
11 61 50 
11 62 92 
11 63 63 
11 64 32 
11 65 6 
11 66 63 
11 67 31 
11 68 48 
11 69 56 
11 70 82 
11 71 86 
11 72 48 
11 73 19 
11 74 31 
11 75 25 
11 76 19 
11 77 2 
11 78 69 
11 79 70 
11 80 15 
11 81 52 
11 82 89 
11 83 65 
11 84 79 
11 85 98 
11 86 11 
11 87 55 
11 88 88 
11 89 41 
11 90 20 
11 91 36 
11 92 22 
11 93 87 
11 94 72 
11 95 57 
11 96 87 
11 97 37 
11 98 71 
11 99 5 
12 13 72 
12 14 37 
12 15 61 
12 16 97 
12 17 11 
12 18 63 
12 19 8 
12 20 20 
12 21 96 
12 22 37 
12 23 35 
12 24 20 
12 25 43 
12 26 97 
12 27 93 
12 28 95 
12 29 84 
12 30 23 
12 31 90 
12 32 34 
12 33 11 
12 34 43 
12 35 6 
12 36 0 
12 37 7 
12 38 95 
12 39 96 
12 40 48 
12 41 10 
12 42 57 
12 43 43 
12 44 92 
12 45 86 
12 46 96 
12 47 61 
12 48 78 
12 49 11 
12 50 84 
12 51 24 
12 52 65 
12 53 65 
12 54 47 
12 55 79 
12 56 45 
12 57 17 
12 58 17 
12 59 13 
12 60 76 
12 61 73 
12 62 32 
12 63 25 
12 64 9 
12 65 29 
12 66 29 
12 67 22 
12 68 75 
12 69 38 
12 70 46 
12 71 9 
12 72 76 
12 73 77 
12 74 53 
12 75 21 
12 76 32 
12 77 91 
12 78 67 
12 79 51 
12 80 49 
12 81 92 
12 82 19 
12 83 28 
12 84 96 
12 85 22 
12 86 30 
12 87 49 
12 88 1 
12 89 58 
12 90 42 
12 91 46 
12 92 9 
12 93 55 
12 94 95 
12 95 39 
12 96 21 
12 97 19 
12 98 78 
12 99 87 
13 14 76 
13 15 10 
13 16 58 
13 17 14 
13 18 33 
13 19 73 
13 20 41 
13 21 98 
13 22 39 
13 23 35 
13 24 35 
13 25 98 
13 26 69 
13 27 87 
13 28 11 
13 29 12 
13 30 62 
13 31 99 
13 32 31 
13 33 85 
13 34 16 
13 35 90 
13 36 30 
13 37 24 
13 38 49 
13 39 50 
13 40 65 
13 41 87 
13 42 88 
13 43 40 
13 44 18 
13 45 30 
13 46 37 
13 47 5 
13 48 97 
13 49 58 
13 50 43 
13 51 29 
13 52 38 
13 53 5 
13 54 78 
13 55 6 
13 56 24 
13 57 42 
13 58 32 
13 59 40 
13 60 32 
13 61 55 
13 62 87 
13 63 56 
13 64 65 
13 65 68 
13 66 74 
13 67 56 
13 68 24 
13 69 54 
13 70 85 
13 71 10 
13 72 62 
13 73 7 
13 74 67 
13 75 33 
13 76 17 
13 77 46 
13 78 18 
13 79 1 
13 80 64 
13 81 67 
13 82 90 
13 83 97 
13 84 78 
13 85 23 
13 86 7 
13 87 80 
13 88 54 
13 89 75 
13 90 65 
13 91 13 
13 92 26 
13 93 2 
13 94 22 
13 95 29 
13 96 42 
13 97 76 
13 98 23 
13 99 36 
14 15 49 
14 16 29 
14 17 77 
14 18 75 
14 19 97 
14 20 7 
14 21 75 
14 22 96 
14 23 24 
14 24 89 
14 25 28 
14 26 55 
14 27 71 
14 28 76 
14 29 66 
14 30 86 
14 31 36 
14 32 84 
14 33 78 
14 34 1 
14 35 28 
14 36 49 
14 37 8 
14 38 68 
14 39 22 
14 40 57 
14 41 96 
14 42 66 
14 43 24 
14 44 91 
14 45 3 
14 46 38 
14 47 35 
14 48 40 
14 49 44 
14 50 97 
14 51 35 
14 52 57 
14 53 46 
14 54 64 
14 55 74 
14 56 96 
14 57 86 
14 58 91 
14 59 57 
14 60 50 
14 61 71 
14 62 83 
14 63 61 
14 64 20 
14 65 38 
14 66 41 
14 67 23 
14 68 77 
14 69 41 
14 70 77 
14 71 19 
14 72 83 
14 73 4 
14 74 46 
14 75 16 
14 76 36 
14 77 22 
14 78 79 
14 79 12 
14 80 5 
14 81 38 
14 82 92 
14 83 68 
14 84 54 
14 85 65 
14 86 79 
14 87 95 
14 88 94 
14 89 9 
14 90 37 
14 91 80 
14 92 75 
14 93 73 
14 94 85 
14 95 31 
14 96 6 
14 97 20 
14 98 3 
14 99 11 
15 16 25 
15 17 36 
15 18 63 
15 19 53 
15 20 5 
15 21 91 
15 22 19 
15 23 30 
15 24 75 
15 25 4 
15 26 39 
15 27 88 
15 28 62 
15 29 88 
15 30 67 
15 31 44 
15 32 7 
15 33 77 
15 34 33 
15 35 3 
15 36 85 
15 37 37 
15 38 37 
15 39 66 
15 40 45 
15 41 16 
15 42 11 
15 43 32 
15 44 75 
15 45 11 
15 46 33 
15 47 96 
15 48 95 
15 49 25 
15 50 74 
15 51 13 
15 52 70 
15 53 72 
15 54 15 
15 55 9 
15 56 96 
15 57 45 
15 58 73 
15 59 57 
15 60 15 
15 61 14 
15 62 68 
15 63 3 
15 64 7 
15 65 72 
15 66 42 
15 67 99 
15 68 42 
15 69 21 
15 70 47 
15 71 80 
15 72 74 
15 73 8 
15 74 86 
15 75 79 
15 76 98 
15 77 4 
15 78 74 
15 79 18 
15 80 42 
15 81 68 
15 82 71 
15 83 66 
15 84 59 
15 85 8 
15 86 16 
15 87 47 
15 88 59 
15 89 89 
15 90 37 
15 91 37 
15 92 5 
15 93 15 
15 94 73 
15 95 24 
15 96 22 
15 97 48 
15 98 63 
15 99 46 
16 17 5 
16 18 61 
16 19 7 
16 20 38 
16 21 44 
16 22 93 
16 23 97 
16 24 77 
16 25 0 
16 26 46 
16 27 65 
16 28 72 
16 29 90 
16 30 1 
16 31 25 
16 32 56 
16 33 64 
16 34 58 
16 35 56 
16 36 70 
16 37 8 
16 38 93 
16 39 71 
16 40 71 
16 41 88 
16 42 47 
16 43 31 
16 44 21 
16 45 60 
16 46 52 
16 47 52 
16 48 49 
16 49 29 
16 50 15 
16 51 5 
16 52 11 
16 53 94 
16 54 0 
16 55 20 
16 56 40 
16 57 45 
16 58 70 
16 59 75 
16 60 63 
16 61 35 
16 62 92 
16 63 1 
16 64 24 
16 65 9 
16 66 27 
16 67 36 
16 68 3 
16 69 72 
16 70 39 
16 71 40 
16 72 80 
16 73 60 
16 74 43 
16 75 63 
16 76 96 
16 77 41 
16 78 91 
16 79 59 
16 80 74 
16 81 35 
16 82 76 
16 83 20 
16 84 69 
16 85 32 
16 86 79 
16 87 72 
16 88 67 
16 89 88 
16 90 4 
16 91 76 
16 92 7 
16 93 29 
16 94 9 
16 95 62 
16 96 64 
16 97 81 
16 98 70 
16 99 64 
17 18 97 
17 19 18 
17 20 84 
17 21 36 
17 22 78 
17 23 68 
17 24 95 
17 25 47 
17 26 57 
17 27 46 
17 28 35 
17 29 30 
17 30 67 
17 31 50 
17 32 6 
17 33 50 
17 34 98 
17 35 87 
17 36 27 
17 37 84 
17 38 46 
17 39 22 
17 40 75 
17 41 52 
17 42 67 
17 43 25 
17 44 56 
17 45 76 
17 46 22 
17 47 73 
17 48 28 
17 49 52 
17 50 2 
17 51 34 
17 52 68 
17 53 94 
17 54 19 
17 55 21 
17 56 14 
17 57 72 
17 58 34 
17 59 93 
17 60 26 
17 61 81 
17 62 91 
17 63 83 
17 64 25 
17 65 1 
17 66 75 
17 67 41 
17 68 84 
17 69 8 
17 70 74 
17 71 75 
17 72 55 
17 73 51 
17 74 1 
17 75 81 
17 76 70 
17 77 68 
17 78 2 
17 79 76 
17 80 45 
17 81 56 
17 82 40 
17 83 92 
17 84 8 
17 85 66 
17 86 71 
17 87 10 
17 88 17 
17 89 30 
17 90 49 
17 91 16 
17 92 34 
17 93 23 
17 94 55 
17 95 50 
17 96 40 
17 97 51 
17 98 7 
17 99 52 
18 19 71 
18 20 25 
18 21 66 
18 22 94 
18 23 17 
18 24 21 
18 25 31 
18 26 39 
18 27 33 
18 28 29 
18 29 54 
18 30 75 
18 31 52 
18 32 4 
18 33 28 
18 34 20 
18 35 38 
18 36 13 
18 37 24 
18 38 96 
18 39 31 
18 40 21 
18 41 55 
18 42 62 
18 43 22 
18 44 32 
18 45 21 
18 46 42 
18 47 52 
18 48 46 
18 49 92 
18 50 3 
18 51 54 
18 52 39 
18 53 86 
18 54 12 
18 55 16 
18 56 38 
18 57 82 
18 58 14 
18 59 10 
18 60 88 
18 61 36 
18 62 54 
18 63 25 
18 64 75 
18 65 14 
18 66 94 
18 67 51 
18 68 86 
18 69 20 
18 70 7 
18 71 81 
18 72 92 
18 73 76 
18 74 95 
18 75 98 
18 76 57 
18 77 59 
18 78 89 
18 79 52 
18 80 23 
18 81 20 
18 82 38 
18 83 50 
18 84 52 
18 85 27 
18 86 17 
18 87 22 
18 88 22 
18 89 90 
18 90 98 
18 91 73 
18 92 24 
18 93 39 
18 94 60 
18 95 41 
18 96 27 
18 97 82 
18 98 59 
18 99 32 
19 20 89 
19 21 22 
19 22 95 
19 23 38 
19 24 93 
19 25 36 
19 26 3 
19 27 97 
19 28 17 
19 29 25 
19 30 56 
19 31 81 
19 32 34 
19 33 68 
19 34 33 
19 35 12 
19 36 95 
19 37 59 
19 38 68 
19 39 48 
19 40 33 
19 41 74 
19 42 28 
19 43 23 
19 44 45 
19 45 88 
19 46 71 
19 47 80 
19 48 2 
19 49 95 
19 50 74 
19 51 31 
19 52 51 
19 53 82 
19 54 15 
19 55 99 
19 56 83 
19 57 78 
19 58 39 
19 59 33 
19 60 41 
19 61 73 
19 62 54 
19 63 26 
19 64 67 
19 65 24 
19 66 96 
19 67 42 
19 68 93 
19 69 12 
19 70 18 
19 71 88 
19 72 30 
19 73 32 
19 74 18 
19 75 46 
19 76 12 
19 77 22 
19 78 52 
19 79 57 
19 80 58 
19 81 58 
19 82 67 
19 83 98 
19 84 87 
19 85 89 
19 86 48 
19 87 92 
19 88 13 
19 89 60 
19 90 97 
19 91 21 
19 92 8 
19 93 13 
19 94 13 
19 95 4 
19 96 94 
19 97 99 
19 98 60 
19 99 94 
20 21 96 
20 22 2 
20 23 23 
20 24 2 
20 25 31 
20 26 6 
20 27 22 
20 28 59 
20 29 24 
20 30 81 
20 31 6 
20 32 69 
20 33 97 
20 34 55 
20 35 14 
20 36 91 
20 37 2 
20 38 38 
20 39 1 
20 40 0 
20 41 9 
20 42 24 
20 43 3 
20 44 97 
20 45 6 
20 46 88 
20 47 26 
20 48 71 
20 49 6 
20 50 46 
20 51 95 
20 52 6 
20 53 43 
20 54 75 
20 55 22 
20 56 13 
20 57 98 
20 58 13 
20 59 75 
20 60 55 
20 61 98 
20 62 81 
20 63 91 
20 64 7 
20 65 44 
20 66 58 
20 67 55 
20 68 4 
20 69 71 
20 70 65 
20 71 67 
20 72 7 
20 73 41 
20 74 6 
20 75 96 
20 76 41 
20 77 68 
20 78 47 
20 79 76 
20 80 98 
20 81 25 
20 82 86 
20 83 75 
20 84 68 
20 85 83 
20 86 41 
20 87 36 
20 88 94 
20 89 80 
20 90 45 
20 91 48 
20 92 12 
20 93 17 
20 94 50 
20 95 59 
20 96 36 
20 97 75 
20 98 70 
20 99 6 
21 22 11 
21 23 11 
21 24 7 
21 25 94 
21 26 30 
21 27 6 
21 28 84 
21 29 28 
21 30 93 
21 31 61 
21 32 52 
21 33 48 
21 34 97 
21 35 50 
21 36 88 
21 37 3 
21 38 18 
21 39 35 
21 40 91 
21 41 52 
21 42 60 
21 43 25 
21 44 97 
21 45 72 
21 46 72 
21 47 61 
21 48 93 
21 49 12 
21 50 39 
21 51 18 
21 52 93 
21 53 60 
21 54 46 
21 55 88 
21 56 67 
21 57 53 
21 58 8 
21 59 72 
21 60 88 
21 61 43 
21 62 89 
21 63 50 
21 64 13 
21 65 50 
21 66 25 
21 67 88 
21 68 95 
21 69 47 
21 70 30 
21 71 64 
21 72 2 
21 73 72 
21 74 92 
21 75 1 
21 76 46 
21 77 16 
21 78 85 
21 79 23 
21 80 69 
21 81 36 
21 82 41 
21 83 77 
21 84 1 
21 85 7 
21 86 31 
21 87 1 
21 88 33 
21 89 5 
21 90 22 
21 91 31 
21 92 99 
21 93 89 
21 94 77 
21 95 26 
21 96 62 
21 97 17 
21 98 90 
21 99 60 
22 23 22 
22 24 31 
22 25 27 
22 26 69 
22 27 0 
22 28 89 
22 29 97 
22 30 80 
22 31 12 
22 32 89 
22 33 13 
22 34 94 
22 35 63 
22 36 72 
22 37 85 
22 38 76 
22 39 70 
22 40 17 
22 41 40 
22 42 16 
22 43 69 
22 44 78 
22 45 96 
22 46 15 
22 47 49 
22 48 98 
22 49 5 
22 50 98 
22 51 61 
22 52 2 
22 53 31 
22 54 3 
22 55 96 
22 56 39 
22 57 20 
22 58 75 
22 59 35 
22 60 42 
22 61 52 
22 62 86 
22 63 95 
22 64 8 
22 65 2 
22 66 31 
22 67 93 
22 68 11 
22 69 32 
22 70 23 
22 71 58 
22 72 5 
22 73 32 
22 74 17 
22 75 20 
22 76 60 
22 77 57 
22 78 0 
22 79 70 
22 80 55 
22 81 41 
22 82 60 
22 83 92 
22 84 85 
22 85 36 
22 86 87 
22 87 46 
22 88 32 
22 89 7 
22 90 4 
22 91 91 
22 92 89 
22 93 48 
22 94 7 
22 95 7 
22 96 23 
22 97 6 
22 98 57 
22 99 77 
23 24 82 
23 25 33 
23 26 86 
23 27 72 
23 28 59 
23 29 47 
23 30 64 
23 31 13 
23 32 54 
23 33 30 
23 34 18 
23 35 93 
23 36 31 
23 37 61 
23 38 59 
23 39 42 
23 40 37 
23 41 79 
23 42 21 
23 43 52 
23 44 5 
23 45 75 
23 46 15 
23 47 22 
23 48 7 
23 49 86 
23 50 75 
23 51 91 
23 52 64 
23 53 3 
23 54 36 
23 55 99 
23 56 5 
23 57 57 
23 58 0 
23 59 59 
23 60 95 
23 61 84 
23 62 14 
23 63 28 
23 64 88 
23 65 54 
23 66 64 
23 67 36 
23 68 58 
23 69 37 
23 70 56 
23 71 56 
23 72 71 
23 73 37 
23 74 9 
23 75 73 
23 76 77 
23 77 48 
23 78 17 
23 79 10 
23 80 20 
23 81 10 
23 82 49 
23 83 68 
23 84 6 
23 85 43 
23 86 85 
23 87 53 
23 88 79 
23 89 4 
23 90 39 
23 91 16 
23 92 78 
23 93 37 
23 94 2 
23 95 53 
23 96 8 
23 97 66 
23 98 64 
23 99 97 
24 25 24 
24 26 9 
24 27 17 
24 28 32 
24 29 47 
24 30 52 
24 31 47 
24 32 67 
24 33 74 
24 34 21 
24 35 64 
24 36 82 
24 37 91 
24 38 19 
24 39 27 
24 40 70 
24 41 29 
24 42 29 
24 43 99 
24 44 9 
24 45 17 
24 46 56 
24 47 5 
24 48 82 
24 49 18 
24 50 61 
24 51 25 
24 52 1 
24 53 88 
24 54 65 
24 55 76 
24 56 9 
24 57 85 
24 58 37 
24 59 10 
24 60 12 
24 61 92 
24 62 60 
24 63 99 
24 64 44 
24 65 80 
24 66 76 
24 67 64 
24 68 82 
24 69 57 
24 70 21 
24 71 99 
24 72 25 
24 73 78 
24 74 8 
24 75 23 
24 76 6 
24 77 26 
24 78 88 
24 79 83 
24 80 11 
24 81 89 
24 82 52 
24 83 94 
24 84 83 
24 85 64 
24 86 56 
24 87 70 
24 88 55 
24 89 34 
24 90 78 
24 91 82 
24 92 91 
24 93 15 
24 94 36 
24 95 20 
24 96 61 
24 97 77 
24 98 68 
24 99 4 
25 26 47 
25 27 61 
25 28 77 
25 29 43 
25 30 44 
25 31 99 
25 32 34 
25 33 40 
25 34 8 
25 35 20 
25 36 98 
25 37 89 
25 38 41 
25 39 62 
25 40 54 
25 41 2 
25 42 79 
25 43 26 
25 44 42 
25 45 80 
25 46 73 
25 47 61 
25 48 86 
25 49 33 
25 50 10 
25 51 47 
25 52 65 
25 53 36 
25 54 49 
25 55 86 
25 56 17 
25 57 68 
25 58 88 
25 59 92 
25 60 63 
25 61 49 
25 62 85 
25 63 74 
25 64 22 
25 65 51 
25 66 88 
25 67 1 
25 68 99 
25 69 51 
25 70 37 
25 71 69 
25 72 30 
25 73 36 
25 74 66 
25 75 4 
25 76 76 
25 77 71 
25 78 89 
25 79 76 
25 80 46 
25 81 40 
25 82 56 
25 83 42 
25 84 31 
25 85 82 
25 86 94 
25 87 12 
25 88 59 
25 89 9 
25 90 53 
25 91 14 
25 92 38 
25 93 94 
25 94 70 
25 95 98 
25 96 0 
25 97 67 
25 98 37 
25 99 29 
26 27 42 
26 28 41 
26 29 59 
26 30 78 
26 31 10 
26 32 12 
26 33 99 
26 34 90 
26 35 1 
26 36 11 
26 37 88 
26 38 26 
26 39 27 
26 40 98 
26 41 13 
26 42 66 
26 43 44 
26 44 45 
26 45 70 
26 46 42 
26 47 50 
26 48 6 
26 49 51 
26 50 54 
26 51 90 
26 52 50 
26 53 47 
26 54 31 
26 55 40 
26 56 96 
26 57 31 
26 58 33 
26 59 39 
26 60 59 
26 61 39 
26 62 98 
26 63 53 
26 64 71 
26 65 34 
26 66 13 
26 67 46 
26 68 32 
26 69 5 
26 70 67 
26 71 71 
26 72 31 
26 73 85 
26 74 71 
26 75 3 
26 76 74 
26 77 10 
26 78 76 
26 79 90 
26 80 83 
26 81 33 
26 82 34 
26 83 24 
26 84 21 
26 85 2 
26 86 61 
26 87 85 
26 88 51 
26 89 91 
26 90 69 
26 91 67 
26 92 1 
26 93 68 
26 94 3 
26 95 31 
26 96 72 
26 97 35 
26 98 69 
26 99 14 
27 28 58 
27 29 62 
27 30 43 
27 31 91 
27 32 76 
27 33 13 
27 34 78 
27 35 70 
27 36 34 
27 37 66 
27 38 90 
27 39 87 
27 40 69 
27 41 3 
27 42 95 
27 43 68 
27 44 95 
27 45 90 
27 46 40 
27 47 65 
27 48 39 
27 49 96 
27 50 9 
27 51 78 
27 52 75 
27 53 16 
27 54 71 
27 55 92 
27 56 12 
27 57 43 
27 58 70 
27 59 26 
27 60 9 
27 61 73 
27 62 66 
27 63 28 
27 64 17 
27 65 68 
27 66 35 
27 67 45 
27 68 27 
27 69 42 
27 70 76 
27 71 97 
27 72 47 
27 73 29 
27 74 0 
27 75 89 
27 76 95 
27 77 42 
27 78 72 
27 79 47 
27 80 76 
27 81 30 
27 82 56 
27 83 95 
27 84 60 
27 85 69 
27 86 5 
27 87 80 
27 88 42 
27 89 81 
27 90 59 
27 91 6 
27 92 89 
27 93 39 
27 94 93 
27 95 40 
27 96 52 
27 97 42 
27 98 86 
27 99 5 
28 29 62 
28 30 93 
28 31 23 
28 32 60 
28 33 26 
28 34 40 
28 35 35 
28 36 28 
28 37 63 
28 38 39 
28 39 82 
28 40 79 
28 41 43 
28 42 49 
28 43 39 
28 44 43 
28 45 26 
28 46 95 
28 47 17 
28 48 32 
28 49 14 
28 50 93 
28 51 25 
28 52 17 
28 53 41 
28 54 20 
28 55 6 
28 56 69 
28 57 71 
28 58 51 
28 59 18 
28 60 86 
28 61 43 
28 62 28 
28 63 77 
28 64 96 
28 65 77 
28 66 19 
28 67 21 
28 68 32 
28 69 38 
28 70 56 
28 71 77 
28 72 21 
28 73 48 
28 74 62 
28 75 2 
28 76 89 
28 77 15 
28 78 44 
28 79 83 
28 80 50 
28 81 57 
28 82 8 
28 83 40 
28 84 7 
28 85 87 
28 86 92 
28 87 11 
28 88 33 
28 89 46 
28 90 52 
28 91 8 
28 92 27 
28 93 98 
28 94 31 
28 95 52 
28 96 69 
28 97 5 
28 98 18 
28 99 69 
29 30 66 
29 31 15 
29 32 27 
29 33 52 
29 34 73 
29 35 41 
29 36 44 
29 37 92 
29 38 62 
29 39 57 
29 40 2 
29 41 27 
29 42 39 
29 43 38 
29 44 69 
29 45 99 
29 46 29 
29 47 81 
29 48 82 
29 49 11 
29 50 90 
29 51 44 
29 52 16 
29 53 15 
29 54 24 
29 55 42 
29 56 42 
29 57 39 
29 58 91 
29 59 77 
29 60 49 
29 61 24 
29 62 9 
29 63 4 
29 64 62 
29 65 42 
29 66 75 
29 67 48 
29 68 19 
29 69 22 
29 70 17 
29 71 86 
29 72 98 
29 73 25 
29 74 59 
29 75 34 
29 76 64 
29 77 43 
29 78 87 
29 79 1 
29 80 35 
29 81 10 
29 82 94 
29 83 49 
29 84 8 
29 85 69 
29 86 70 
29 87 13 
29 88 56 
29 89 86 
29 90 98 
29 91 37 
29 92 29 
29 93 90 
29 94 42 
29 95 63 
29 96 62 
29 97 80 
29 98 11 
29 99 85 
30 31 11 
30 32 75 
30 33 43 
30 34 55 
30 35 56 
30 36 14 
30 37 62 
30 38 44 
30 39 21 
30 40 3 
30 41 56 
30 42 13 
30 43 67 
30 44 92 
30 45 7 
30 46 66 
30 47 30 
30 48 27 
30 49 25 
30 50 42 
30 51 31 
30 52 37 
30 53 87 
30 54 94 
30 55 89 
30 56 54 
30 57 25 
30 58 29 
30 59 23 
30 60 47 
30 61 5 
30 62 39 
30 63 21 
30 64 12 
30 65 68 
30 66 40 
30 67 0 
30 68 97 
30 69 36 
30 70 28 
30 71 29 
30 72 5 
30 73 81 
30 74 6 
30 75 90 
30 76 38 
30 77 3 
30 78 22 
30 79 32 
30 80 24 
30 81 16 
30 82 68 
30 83 1 
30 84 28 
30 85 40 
30 86 63 
30 87 66 
30 88 73 
30 89 45 
30 90 94 
30 91 37 
30 92 20 
30 93 86 
30 94 10 
30 95 20 
30 96 97 
30 97 43 
30 98 81 
30 99 65 
31 32 2 
31 33 78 
31 34 63 
31 35 43 
31 36 50 
31 37 29 
31 38 12 
31 39 84 
31 40 99 
31 41 48 
31 42 42 
31 43 61 
31 44 98 
31 45 68 
31 46 17 
31 47 71 
31 48 80 
31 49 30 
31 50 12 
31 51 86 
31 52 43 
31 53 66 
31 54 94 
31 55 87 
31 56 25 
31 57 64 
31 58 91 
31 59 24 
31 60 73 
31 61 36 
31 62 90 
31 63 89 
31 64 69 
31 65 86 
31 66 80 
31 67 67 
31 68 73 
31 69 93 
31 70 35 
31 71 76 
31 72 22 
31 73 45 
31 74 49 
31 75 38 
31 76 30 
31 77 64 
31 78 27 
31 79 8 
31 80 19 
31 81 26 
31 82 98 
31 83 39 
31 84 23 
31 85 61 
31 86 69 
31 87 79 
31 88 92 
31 89 92 
31 90 13 
31 91 90 
31 92 86 
31 93 56 
31 94 75 
31 95 38 
31 96 58 
31 97 61 
31 98 96 
31 99 74 
32 33 8 
32 34 52 
32 35 35 
32 36 83 
32 37 85 
32 38 66 
32 39 71 
32 40 89 
32 41 19 
32 42 25 
32 43 47 
32 44 94 
32 45 99 
32 46 46 
32 47 1 
32 48 44 
32 49 78 
32 50 26 
32 51 87 
32 52 83 
32 53 20 
32 54 46 
32 55 93 
32 56 13 
32 57 21 
32 58 23 
32 59 95 
32 60 93 
32 61 77 
32 62 8 
32 63 26 
32 64 71 
32 65 68 
32 66 55 
32 67 56 
32 68 53 
32 69 15 
32 70 62 
32 71 17 
32 72 88 
32 73 86 
32 74 94 
32 75 25 
32 76 55 
32 77 75 
32 78 87 
32 79 15 
32 80 54 
32 81 84 
32 82 24 
32 83 68 
32 84 95 
32 85 65 
32 86 78 
32 87 34 
32 88 33 
32 89 57 
32 90 24 
32 91 60 
32 92 21 
32 93 79 
32 94 13 
32 95 87 
32 96 94 
32 97 84 
32 98 85 
32 99 1 
33 34 10 
33 35 88 
33 36 43 
33 37 22 
33 38 3 
33 39 7 
33 40 76 
33 41 69 
33 42 48 
33 43 43 
33 44 46 
33 45 71 
33 46 56 
33 47 60 
33 48 43 
33 49 95 
33 50 25 
33 51 47 
33 52 25 
33 53 76 
33 54 22 
33 55 44 
33 56 83 
33 57 80 
33 58 16 
33 59 35 
33 60 38 
33 61 26 
33 62 83 
33 63 13 
33 64 95 
33 65 28 
33 66 77 
33 67 1 
33 68 88 
33 69 3 
33 70 4 
33 71 86 
33 72 70 
33 73 51 
33 74 45 
33 75 92 
33 76 9 
33 77 30 
33 78 54 
33 79 51 
33 80 4 
33 81 58 
33 82 35 
33 83 55 
33 84 37 
33 85 12 
33 86 37 
33 87 71 
33 88 93 
33 89 21 
33 90 24 
33 91 25 
33 92 45 
33 93 99 
33 94 67 
33 95 47 
33 96 16 
33 97 15 
33 98 71 
33 99 72 
34 35 33 
34 36 35 
34 37 37 
34 38 30 
34 39 21 
34 40 35 
34 41 5 
34 42 0 
34 43 98 
34 44 2 
34 45 56 
34 46 37 
34 47 79 
34 48 99 
34 49 26 
34 50 39 
34 51 15 
34 52 45 
34 53 1 
34 54 65 
34 55 62 
34 56 17 
34 57 30 
34 58 5 
34 59 32 
34 60 63 
34 61 9 
34 62 90 
34 63 33 
34 64 64 
34 65 84 
34 66 19 
34 67 82 
34 68 6 
34 69 53 
34 70 19 
34 71 25 
34 72 41 
34 73 94 
34 74 61 
34 75 11 
34 76 23 
34 77 78 
34 78 17 
34 79 31 
34 80 24 
34 81 14 
34 82 93 
34 83 72 
34 84 52 
34 85 34 
34 86 19 
34 87 45 
34 88 29 
34 89 81 
34 90 35 
34 91 93 
34 92 77 
34 93 45 
34 94 97 
34 95 50 
34 96 65 
34 97 56 
34 98 25 
34 99 95 
35 36 9 
35 37 89 
35 38 7 
35 39 21 
35 40 93 
35 41 62 
35 42 49 
35 43 54 
35 44 27 
35 45 77 
35 46 28 
35 47 9 
35 48 31 
35 49 39 
35 50 80 
35 51 46 
35 52 64 
35 53 61 
35 54 97 
35 55 67 
35 56 57 
35 57 31 
35 58 43 
35 59 90 
35 60 29 
35 61 84 
35 62 77 
35 63 13 
35 64 51 
35 65 59 
35 66 54 
35 67 16 
35 68 79 
35 69 27 
35 70 20 
35 71 73 
35 72 90 
35 73 54 
35 74 6 
35 75 33 
35 76 85 
35 77 28 
35 78 13 
35 79 60 
35 80 1 
35 81 0 
35 82 40 
35 83 31 
35 84 85 
35 85 9 
35 86 62 
35 87 87 
35 88 65 
35 89 10 
35 90 46 
35 91 21 
35 92 88 
35 93 96 
35 94 1 
35 95 69 
35 96 74 
35 97 36 
35 98 30 
35 99 0 
36 37 85 
36 38 89 
36 39 59 
36 40 70 
36 41 26 
36 42 53 
36 43 27 
36 44 54 
36 45 42 
36 46 36 
36 47 50 
36 48 33 
36 49 98 
36 50 39 
36 51 9 
36 52 85 
36 53 24 
36 54 66 
36 55 19 
36 56 14 
36 57 49 
36 58 15 
36 59 54 
36 60 20 
36 61 9 
36 62 35 
36 63 82 
36 64 80 
36 65 98 
36 66 44 
36 67 17 
36 68 1 
36 69 86 
36 70 15 
36 71 83 
36 72 0 
36 73 19 
36 74 73 
36 75 17 
36 76 36 
36 77 16 
36 78 48 
36 79 17 
36 80 71 
36 81 90 
36 82 66 
36 83 40 
36 84 82 
36 85 76 
36 86 84 
36 87 88 
36 88 3 
36 89 49 
36 90 38 
36 91 81 
36 92 14 
36 93 57 
36 94 77 
36 95 52 
36 96 91 
36 97 79 
36 98 59 
36 99 44 
37 38 55 
37 39 58 
37 40 31 
37 41 37 
37 42 26 
37 43 50 
37 44 80 
37 45 94 
37 46 18 
37 47 47 
37 48 48 
37 49 62 
37 50 95 
37 51 69 
37 52 85 
37 53 3 
37 54 44 
37 55 10 
37 56 64 
37 57 4 
37 58 47 
37 59 97 
37 60 3 
37 61 46 
37 62 22 
37 63 39 
37 64 40 
37 65 18 
37 66 89 
37 67 69 
37 68 89 
37 69 29 
37 70 56 
37 71 90 
37 72 95 
37 73 81 
37 74 24 
37 75 7 
37 76 95 
37 77 11 
37 78 54 
37 79 13 
37 80 8 
37 81 74 
37 82 12 
37 83 11 
37 84 50 
37 85 4 
37 86 77 
37 87 61 
37 88 17 
37 89 64 
37 90 69 
37 91 84 
37 92 41 
37 93 33 
37 94 2 
37 95 36 
37 96 42 
37 97 65 
37 98 58 
37 99 44 
38 39 73 
38 40 30 
38 41 17 
38 42 37 
38 43 30 
38 44 98 
38 45 7 
38 46 82 
38 47 58 
38 48 77 
38 49 75 
38 50 93 
38 51 0 
38 52 57 
38 53 63 
38 54 63 
38 55 87 
38 56 46 
38 57 32 
38 58 26 
38 59 87 
38 60 32 
38 61 46 
38 62 92 
38 63 89 
38 64 18 
38 65 85 
38 66 59 
38 67 19 
38 68 89 
38 69 47 
38 70 60 
38 71 77 
38 72 22 
38 73 86 
38 74 52 
38 75 41 
38 76 65 
38 77 23 
38 78 39 
38 79 44 
38 80 47 
38 81 92 
38 82 20 
38 83 81 
38 84 35 
38 85 64 
38 86 35 
38 87 82 
38 88 33 
38 89 12 
38 90 63 
38 91 55 
38 92 95 
38 93 82 
38 94 35 
38 95 51 
38 96 34 
38 97 22 
38 98 12 
38 99 89 
39 40 17 
39 41 68 
39 42 76 
39 43 47 
39 44 77 
39 45 3 
39 46 26 
39 47 18 
39 48 97 
39 49 95 
39 50 66 
39 51 15 
39 52 65 
39 53 39 
39 54 96 
39 55 94 
39 56 87 
39 57 26 
39 58 17 
39 59 40 
39 60 73 
39 61 23 
39 62 99 
39 63 12 
39 64 82 
39 65 20 
39 66 55 
39 67 51 
39 68 39 
39 69 3 
39 70 8 
39 71 42 
39 72 10 
39 73 12 
39 74 18 
39 75 11 
39 76 31 
39 77 88 
39 78 48 
39 79 27 
39 80 52 
39 81 24 
39 82 63 
39 83 49 
39 84 59 
39 85 91 
39 86 97 
39 87 36 
39 88 98 
39 89 65 
39 90 83 
39 91 68 
39 92 94 
39 93 52 
39 94 75 
39 95 54 
39 96 81 
39 97 48 
39 98 86 
39 99 57 
40 41 19 
40 42 91 
40 43 6 
40 44 41 
40 45 20 
40 46 40 
40 47 60 
40 48 11 
40 49 49 
40 50 85 
40 51 21 
40 52 79 
40 53 8 
40 54 45 
40 55 58 
40 56 15 
40 57 17 
40 58 60 
40 59 62 
40 60 81 
40 61 87 
40 62 46 
40 63 51 
40 64 13 
40 65 85 
40 66 94 
40 67 78 
40 68 93 
40 69 71 
40 70 47 
40 71 41 
40 72 16 
40 73 5 
40 74 90 
40 75 94 
40 76 74 
40 77 62 
40 78 99 
40 79 79 
40 80 57 
40 81 45 
40 82 63 
40 83 73 
40 84 27 
40 85 57 
40 86 87 
40 87 59 
40 88 48 
40 89 92 
40 90 90 
40 91 7 
40 92 87 
40 93 67 
40 94 9 
40 95 62 
40 96 90 
40 97 1 
40 98 19 
40 99 37 
41 42 58 
41 43 49 
41 44 33 
41 45 76 
41 46 89 
41 47 13 
41 48 68 
41 49 57 
41 50 70 
41 51 37 
41 52 66 
41 53 91 
41 54 19 
41 55 21 
41 56 60 
41 57 49 
41 58 26 
41 59 25 
41 60 33 
41 61 81 
41 62 30 
41 63 43 
41 64 69 
41 65 21 
41 66 46 
41 67 14 
41 68 41 
41 69 61 
41 70 56 
41 71 13 
41 72 66 
41 73 10 
41 74 92 
41 75 71 
41 76 89 
41 77 55 
41 78 92 
41 79 7 
41 80 13 
41 81 71 
41 82 48 
41 83 33 
41 84 53 
41 85 16 
41 86 51 
41 87 16 
41 88 85 
41 89 96 
41 90 36 
41 91 94 
41 92 44 
41 93 17 
41 94 43 
41 95 13 
41 96 85 
41 97 55 
41 98 24 
41 99 28 
42 43 26 
42 44 98 
42 45 71 
42 46 67 
42 47 99 
42 48 92 
42 49 47 
42 50 48 
42 51 84 
42 52 10 
42 53 65 
42 54 28 
42 55 53 
42 56 39 
42 57 96 
42 58 25 
42 59 2 
42 60 54 
42 61 97 
42 62 18 
42 63 75 
42 64 98 
42 65 1 
42 66 8 
42 67 32 
42 68 36 
42 69 36 
42 70 84 
42 71 58 
42 72 21 
42 73 99 
42 74 52 
42 75 41 
42 76 54 
42 77 18 
42 78 50 
42 79 18 
42 80 12 
42 81 83 
42 82 85 
42 83 53 
42 84 37 
42 85 71 
42 86 50 
42 87 48 
42 88 69 
42 89 26 
42 90 2 
42 91 88 
42 92 57 
42 93 75 
42 94 71 
42 95 40 
42 96 96 
42 97 82 
42 98 92 
42 99 91 
43 44 48 
43 45 41 
43 46 27 
43 47 56 
43 48 88 
43 49 22 
43 50 78 
43 51 70 
43 52 52 
43 53 99 
43 54 75 
43 55 50 
43 56 1 
43 57 45 
43 58 49 
43 59 44 
43 60 56 
43 61 23 
43 62 11 
43 63 46 
43 64 21 
43 65 3 
43 66 28 
43 67 9 
43 68 61 
43 69 91 
43 70 75 
43 71 25 
43 72 45 
43 73 38 
43 74 78 
43 75 80 
43 76 82 
43 77 70 
43 78 67 
43 79 51 
43 80 59 
43 81 45 
43 82 24 
43 83 72 
43 84 66 
43 85 36 
43 86 40 
43 87 97 
43 88 32 
43 89 16 
43 90 22 
43 91 87 
43 92 42 
43 93 25 
43 94 98 
43 95 79 
43 96 8 
43 97 10 
43 98 2 
43 99 33 
44 45 54 
44 46 90 
44 47 11 
44 48 71 
44 49 26 
44 50 41 
44 51 70 
44 52 9 
44 53 22 
44 54 58 
44 55 54 
44 56 51 
44 57 71 
44 58 61 
44 59 28 
44 60 76 
44 61 15 
44 62 62 
44 63 39 
44 64 38 
44 65 64 
44 66 32 
44 67 17 
44 68 63 
44 69 77 
44 70 1 
44 71 27 
44 72 51 
44 73 14 
44 74 43 
44 75 97 
44 76 45 
44 77 11 
44 78 88 
44 79 42 
44 80 60 
44 81 38 
44 82 27 
44 83 11 
44 84 86 
44 85 76 
44 86 38 
44 87 54 
44 88 60 
44 89 23 
44 90 9 
44 91 75 
44 92 17 
44 93 34 
44 94 61 
44 95 46 
44 96 13 
44 97 37 
44 98 38 
44 99 53 
45 46 67 
45 47 11 
45 48 35 
45 49 22 
45 50 26 
45 51 62 
45 52 71 
45 53 84 
45 54 37 
45 55 70 
45 56 29 
45 57 95 
45 58 42 
45 59 34 
45 60 69 
45 61 74 
45 62 24 
45 63 48 
45 64 2 
45 65 77 
45 66 90 
45 67 64 
45 68 53 
45 69 0 
45 70 4 
45 71 61 
45 72 96 
45 73 55 
45 74 10 
45 75 16 
45 76 85 
45 77 32 
45 78 24 
45 79 14 
45 80 54 
45 81 35 
45 82 12 
45 83 56 
45 84 37 
45 85 53 
45 86 48 
45 87 61 
45 88 32 
45 89 20 
45 90 39 
45 91 57 
45 92 58 
45 93 22 
45 94 79 
45 95 66 
45 96 54 
45 97 33 
45 98 29 
45 99 17 
46 47 14 
46 48 4 
46 49 76 
46 50 74 
46 51 33 
46 52 57 
46 53 73 
46 54 96 
46 55 85 
46 56 71 
46 57 13 
46 58 24 
46 59 67 
46 60 18 
46 61 81 
46 62 72 
46 63 85 
46 64 1 
46 65 2 
46 66 34 
46 67 10 
46 68 64 
46 69 65 
46 70 99 
46 71 39 
46 72 32 
46 73 66 
46 74 10 
46 75 2 
46 76 89 
46 77 73 
46 78 14 
46 79 82 
46 80 59 
46 81 94 
46 82 63 
46 83 6 
46 84 44 
46 85 62 
46 86 13 
46 87 63 
46 88 41 
46 89 80 
46 90 82 
46 91 50 
46 92 84 
46 93 2 
46 94 23 
46 95 59 
46 96 39 
46 97 1 
46 98 51 
46 99 35 
47 48 0 
47 49 31 
47 50 77 
47 51 10 
47 52 44 
47 53 26 
47 54 63 
47 55 77 
47 56 89 
47 57 11 
47 58 72 
47 59 84 
47 60 72 
47 61 70 
47 62 34 
47 63 84 
47 64 77 
47 65 50 
47 66 4 
47 67 85 
47 68 12 
47 69 49 
47 70 32 
47 71 27 
47 72 80 
47 73 49 
47 74 9 
47 75 40 
47 76 49 
47 77 58 
47 78 1 
47 79 59 
47 80 98 
47 81 24 
47 82 26 
47 83 41 
47 84 66 
47 85 94 
47 86 3 
47 87 8 
47 88 70 
47 89 13 
47 90 62 
47 91 69 
47 92 44 
47 93 75 
47 94 16 
47 95 26 
47 96 66 
47 97 47 
47 98 65 
47 99 69 
48 49 1 
48 50 17 
48 51 34 
48 52 13 
48 53 26 
48 54 75 
48 55 9 
48 56 51 
48 57 4 
48 58 83 
48 59 4 
48 60 54 
48 61 64 
48 62 30 
48 63 3 
48 64 71 
48 65 65 
48 66 11 
48 67 16 
48 68 63 
48 69 10 
48 70 96 
48 71 88 
48 72 10 
48 73 71 
48 74 53 
48 75 97 
48 76 82 
48 77 17 
48 78 90 
48 79 30 
48 80 11 
48 81 35 
48 82 51 
48 83 60 
48 84 1 
48 85 94 
48 86 61 
48 87 3 
48 88 96 
48 89 20 
48 90 20 
48 91 24 
48 92 87 
48 93 60 
48 94 92 
48 95 63 
48 96 57 
48 97 62 
48 98 72 
48 99 51 
49 50 53 
49 51 11 
49 52 65 
49 53 7 
49 54 28 
49 55 12 
49 56 93 
49 57 37 
49 58 26 
49 59 45 
49 60 95 
49 61 94 
49 62 21 
49 63 56 
49 64 8 
49 65 85 
49 66 95 
49 67 80 
49 68 33 
49 69 92 
49 70 36 
49 71 84 
49 72 20 
49 73 29 
49 74 79 
49 75 4 
49 76 89 
49 77 50 
49 78 97 
49 79 96 
49 80 38 
49 81 1 
49 82 40 
49 83 0 
49 84 54 
49 85 91 
49 86 19 
49 87 40 
49 88 59 
49 89 56 
49 90 11 
49 91 50 
49 92 62 
49 93 78 
49 94 13 
49 95 85 
49 96 80 
49 97 95 
49 98 47 
49 99 84 
50 51 96 
50 52 75 
50 53 18 
50 54 28 
50 55 88 
50 56 99 
50 57 94 
50 58 91 
50 59 67 
50 60 13 
50 61 85 
50 62 64 
50 63 92 
50 64 68 
50 65 74 
50 66 53 
50 67 28 
50 68 94 
50 69 57 
50 70 51 
50 71 46 
50 72 9 
50 73 41 
50 74 8 
50 75 16 
50 76 80 
50 77 78 
50 78 57 
50 79 98 
50 80 97 
50 81 45 
50 82 19 
50 83 51 
50 84 96 
50 85 10 
50 86 46 
50 87 96 
50 88 89 
50 89 96 
50 90 50 
50 91 13 
50 92 11 
50 93 9 
50 94 30 
50 95 19 
50 96 65 
50 97 28 
50 98 46 
50 99 44 
51 52 75 
51 53 8 
51 54 16 
51 55 78 
51 56 2 
51 57 91 
51 58 31 
51 59 87 
51 60 96 
51 61 61 
51 62 85 
51 63 51 
51 64 66 
51 65 56 
51 66 32 
51 67 64 
51 68 0 
51 69 4 
51 70 32 
51 71 26 
51 72 1 
51 73 72 
51 74 71 
51 75 27 
51 76 77 
51 77 27 
51 78 33 
51 79 58 
51 80 44 
51 81 2 
51 82 99 
51 83 64 
51 84 47 
51 85 15 
51 86 44 
51 87 36 
51 88 1 
51 89 95 
51 90 88 
51 91 84 
51 92 64 
51 93 41 
51 94 9 
51 95 82 
51 96 68 
51 97 53 
51 98 62 
51 99 73 
52 53 42 
52 54 85 
52 55 15 
52 56 41 
52 57 34 
52 58 39 
52 59 60 
52 60 56 
52 61 58 
52 62 85 
52 63 39 
52 64 10 
52 65 5 
52 66 39 
52 67 56 
52 68 82 
52 69 96 
52 70 46 
52 71 31 
52 72 80 
52 73 16 
52 74 87 
52 75 33 
52 76 4 
52 77 15 
52 78 86 
52 79 72 
52 80 95 
52 81 21 
52 82 64 
52 83 52 
52 84 56 
52 85 63 
52 86 0 
52 87 30 
52 88 3 
52 89 63 
52 90 81 
52 91 83 
52 92 82 
52 93 98 
52 94 2 
52 95 41 
52 96 86 
52 97 43 
52 98 53 
52 99 34 
53 54 12 
53 55 34 
53 56 98 
53 57 64 
53 58 41 
53 59 93 
53 60 76 
53 61 24 
53 62 21 
53 63 58 
53 64 48 
53 65 27 
53 66 80 
53 67 62 
53 68 49 
53 69 39 
53 70 15 
53 71 70 
53 72 93 
53 73 82 
53 74 12 
53 75 93 
53 76 26 
53 77 70 
53 78 48 
53 79 30 
53 80 19 
53 81 50 
53 82 27 
53 83 76 
53 84 74 
53 85 68 
53 86 20 
53 87 99 
53 88 38 
53 89 80 
53 90 24 
53 91 25 
53 92 37 
53 93 80 
53 94 40 
53 95 43 
53 96 95 
53 97 30 
53 98 50 
53 99 59 
54 55 0 
54 56 24 
54 57 96 
54 58 44 
54 59 60 
54 60 75 
54 61 73 
54 62 88 
54 63 34 
54 64 64 
54 65 50 
54 66 77 
54 67 98 
54 68 16 
54 69 17 
54 70 6 
54 71 43 
54 72 90 
54 73 84 
54 74 26 
54 75 42 
54 76 11 
54 77 24 
54 78 21 
54 79 16 
54 80 9 
54 81 58 
54 82 66 
54 83 8 
54 84 49 
54 85 20 
54 86 64 
54 87 68 
54 88 3 
54 89 69 
54 90 72 
54 91 58 
54 92 57 
54 93 14 
54 94 33 
54 95 96 
54 96 21 
54 97 16 
54 98 28 
54 99 41 
55 56 67 
55 57 3 
55 58 99 
55 59 91 
55 60 92 
55 61 94 
55 62 20 
55 63 98 
55 64 44 
55 65 94 
55 66 35 
55 67 59 
55 68 63 
55 69 41 
55 70 21 
55 71 54 
55 72 31 
55 73 7 
55 74 53 
55 75 58 
55 76 13 
55 77 24 
55 78 94 
55 79 66 
55 80 27 
55 81 6 
55 82 98 
55 83 85 
55 84 81 
55 85 54 
55 86 34 
55 87 64 
55 88 69 
55 89 85 
55 90 25 
55 91 12 
55 92 6 
55 93 17 
55 94 83 
55 95 51 
55 96 20 
55 97 37 
55 98 76 
55 99 51 
56 57 3 
56 58 79 
56 59 79 
56 60 26 
56 61 12 
56 62 50 
56 63 78 
56 64 70 
56 65 21 
56 66 99 
56 67 91 
56 68 89 
56 69 1 
56 70 93 
56 71 20 
56 72 65 
56 73 21 
56 74 88 
56 75 7 
56 76 65 
56 77 36 
56 78 28 
56 79 98 
56 80 48 
56 81 52 
56 82 24 
56 83 91 
56 84 28 
56 85 86 
56 86 94 
56 87 4 
56 88 92 
56 89 59 
56 90 23 
56 91 93 
56 92 66 
56 93 2 
56 94 58 
56 95 99 
56 96 31 
56 97 59 
56 98 73 
56 99 10 
57 58 81 
57 59 45 
57 60 96 
57 61 66 
57 62 0 
57 63 64 
57 64 50 
57 65 52 
57 66 42 
57 67 96 
57 68 68 
57 69 24 
57 70 56 
57 71 23 
57 72 25 
57 73 98 
57 74 5 
57 75 43 
57 76 60 
57 77 70 
57 78 21 
57 79 49 
57 80 76 
57 81 25 
57 82 92 
57 83 3 
57 84 50 
57 85 67 
57 86 39 
57 87 11 
57 88 69 
57 89 23 
57 90 60 
57 91 5 
57 92 87 
57 93 10 
57 94 85 
57 95 49 
57 96 28 
57 97 0 
57 98 18 
57 99 79 
58 59 84 
58 60 68 
58 61 68 
58 62 10 
58 63 43 
58 64 23 
58 65 27 
58 66 99 
58 67 0 
58 68 44 
58 69 76 
58 70 8 
58 71 16 
58 72 83 
58 73 24 
58 74 99 
58 75 36 
58 76 4 
58 77 4 
58 78 25 
58 79 13 
58 80 71 
58 81 85 
58 82 25 
58 83 1 
58 84 99 
58 85 18 
58 86 54 
58 87 59 
58 88 24 
58 89 26 
58 90 55 
58 91 69 
58 92 54 
58 93 27 
58 94 52 
58 95 81 
58 96 47 
58 97 0 
58 98 22 
58 99 26 
59 60 69 
59 61 55 
59 62 32 
59 63 57 
59 64 82 
59 65 96 
59 66 52 
59 67 0 
59 68 68 
59 69 79 
59 70 58 
59 71 4 
59 72 98 
59 73 29 
59 74 3 
59 75 3 
59 76 36 
59 77 33 
59 78 6 
59 79 29 
59 80 99 
59 81 60 
59 82 80 
59 83 6 
59 84 2 
59 85 71 
59 86 71 
59 87 13 
59 88 40 
59 89 95 
59 90 27 
59 91 89 
59 92 76 
59 93 23 
59 94 53 
59 95 1 
59 96 50 
59 97 30 
59 98 40 
59 99 75 
60 61 29 
60 62 12 
60 63 24 
60 64 70 
60 65 50 
60 66 55 
60 67 65 
60 68 44 
60 69 99 
60 70 42 
60 71 10 
60 72 71 
60 73 9 
60 74 26 
60 75 68 
60 76 44 
60 77 0 
60 78 46 
60 79 55 
60 80 58 
60 81 58 
60 82 21 
60 83 39 
60 84 85 
60 85 71 
60 86 4 
60 87 3 
60 88 31 
60 89 48 
60 90 45 
60 91 11 
60 92 89 
60 93 17 
60 94 74 
60 95 29 
60 96 95 
60 97 49 
60 98 55 
60 99 11 
61 62 77 
61 63 18 
61 64 87 
61 65 24 
61 66 17 
61 67 39 
61 68 59 
61 69 57 
61 70 46 
61 71 35 
61 72 73 
61 73 94 
61 74 88 
61 75 72 
61 76 12 
61 77 33 
61 78 11 
61 79 12 
61 80 69 
61 81 63 
61 82 34 
61 83 31 
61 84 66 
61 85 46 
61 86 81 
61 87 89 
61 88 63 
61 89 24 
61 90 42 
61 91 11 
61 92 81 
61 93 15 
61 94 65 
61 95 6 
61 96 34 
61 97 38 
61 98 51 
61 99 9 
62 63 96 
62 64 31 
62 65 17 
62 66 53 
62 67 24 
62 68 89 
62 69 23 
62 70 98 
62 71 27 
62 72 78 
62 73 51 
62 74 76 
62 75 35 
62 76 67 
62 77 36 
62 78 83 
62 79 39 
62 80 69 
62 81 95 
62 82 29 
62 83 73 
62 84 13 
62 85 37 
62 86 27 
62 87 85 
62 88 83 
62 89 89 
62 90 80 
62 91 41 
62 92 2 
62 93 66 
62 94 5 
62 95 16 
62 96 19 
62 97 8 
62 98 88 
62 99 22 
63 64 61 
63 65 51 
63 66 77 
63 67 70 
63 68 46 
63 69 44 
63 70 75 
63 71 26 
63 72 33 
63 73 92 
63 74 25 
63 75 78 
63 76 16 
63 77 20 
63 78 81 
63 79 13 
63 80 64 
63 81 83 
63 82 5 
63 83 12 
63 84 27 
63 85 4 
63 86 98 
63 87 69 
63 88 62 
63 89 64 
63 90 97 
63 91 75 
63 92 5 
63 93 16 
63 94 90 
63 95 92 
63 96 13 
63 97 48 
63 98 56 
63 99 33 
64 65 93 
64 66 98 
64 67 37 
64 68 6 
64 69 84 
64 70 50 
64 71 17 
64 72 22 
64 73 10 
64 74 20 
64 75 53 
64 76 70 
64 77 57 
64 78 72 
64 79 86 
64 80 94 
64 81 61 
64 82 43 
64 83 29 
64 84 61 
64 85 93 
64 86 78 
64 87 1 
64 88 21 
64 89 57 
64 90 88 
64 91 81 
64 92 38 
64 93 17 
64 94 98 
64 95 55 
64 96 29 
64 97 14 
64 98 39 
64 99 6 
65 66 47 
65 67 76 
65 68 78 
65 69 65 
65 70 84 
65 71 88 
65 72 54 
65 73 93 
65 74 70 
65 75 33 
65 76 0 
65 77 97 
65 78 53 
65 79 39 
65 80 77 
65 81 45 
65 82 16 
65 83 43 
65 84 17 
65 85 24 
65 86 43 
65 87 78 
65 88 29 
65 89 26 
65 90 12 
65 91 97 
65 92 41 
65 93 3 
65 94 25 
65 95 38 
65 96 28 
65 97 98 
65 98 80 
65 99 33 
66 67 0 
66 68 43 
66 69 39 
66 70 50 
66 71 51 
66 72 25 
66 73 59 
66 74 83 
66 75 27 
66 76 31 
66 77 47 
66 78 65 
66 79 59 
66 80 97 
66 81 73 
66 82 61 
66 83 35 
66 84 74 
66 85 60 
66 86 29 
66 87 79 
66 88 18 
66 89 22 
66 90 69 
66 91 61 
66 92 91 
66 93 14 
66 94 16 
66 95 47 
66 96 73 
66 97 14 
66 98 64 
66 99 52 
67 68 11 
67 69 31 
67 70 31 
67 71 62 
67 72 16 
67 73 98 
67 74 99 
67 75 17 
67 76 27 
67 77 83 
67 78 76 
67 79 81 
67 80 99 
67 81 13 
67 82 9 
67 83 46 
67 84 24 
67 85 84 
67 86 2 
67 87 65 
67 88 11 
67 89 27 
67 90 57 
67 91 34 
67 92 12 
67 93 22 
67 94 21 
67 95 40 
67 96 26 
67 97 69 
67 98 31 
67 99 94 
68 69 72 
68 70 48 
68 71 16 
68 72 64 
68 73 52 
68 74 51 
68 75 0 
68 76 46 
68 77 25 
68 78 69 
68 79 64 
68 80 22 
68 81 10 
68 82 92 
68 83 89 
68 84 88 
68 85 9 
68 86 35 
68 87 80 
68 88 91 
68 89 18 
68 90 64 
68 91 46 
68 92 0 
68 93 5 
68 94 59 
68 95 41 
68 96 6 
68 97 35 
68 98 29 
68 99 36 
69 70 2 
69 71 66 
69 72 23 
69 73 84 
69 74 0 
69 75 91 
69 76 81 
69 77 73 
69 78 39 
69 79 14 
69 80 82 
69 81 81 
69 82 98 
69 83 21 
69 84 66 
69 85 60 
69 86 87 
69 87 82 
69 88 18 
69 89 64 
69 90 14 
69 91 59 
69 92 81 
69 93 55 
69 94 23 
69 95 87 
69 96 60 
69 97 63 
69 98 26 
69 99 23 
70 71 74 
70 72 78 
70 73 4 
70 74 42 
70 75 59 
70 76 72 
70 77 15 
70 78 86 
70 79 42 
70 80 95 
70 81 62 
70 82 5 
70 83 76 
70 84 38 
70 85 54 
70 86 38 
70 87 34 
70 88 70 
70 89 81 
70 90 82 
70 91 4 
70 92 1 
70 93 82 
70 94 69 
70 95 30 
70 96 72 
70 97 71 
70 98 53 
70 99 74 
71 72 28 
71 73 24 
71 74 33 
71 75 63 
71 76 17 
71 77 96 
71 78 91 
71 79 12 
71 80 32 
71 81 92 
71 82 22 
71 83 16 
71 84 15 
71 85 96 
71 86 47 
71 87 66 
71 88 84 
71 89 22 
71 90 79 
71 91 65 
71 92 23 
71 93 92 
71 94 29 
71 95 86 
71 96 4 
71 97 58 
71 98 74 
71 99 23 
72 73 89 
72 74 96 
72 75 99 
72 76 80 
72 77 60 
72 78 14 
72 79 78 
72 80 9 
72 81 57 
72 82 66 
72 83 38 
72 84 22 
72 85 8 
72 86 12 
72 87 29 
72 88 12 
72 89 74 
72 90 81 
72 91 79 
72 92 29 
72 93 31 
72 94 45 
72 95 41 
72 96 23 
72 97 31 
72 98 38 
72 99 24 
73 74 22 
73 75 69 
73 76 95 
73 77 97 
73 78 3 
73 79 2 
73 80 83 
73 81 18 
73 82 58 
73 83 18 
73 84 91 
73 85 34 
73 86 88 
73 87 47 
73 88 86 
73 89 82 
73 90 42 
73 91 11 
73 92 22 
73 93 12 
73 94 1 
73 95 19 
73 96 81 
73 97 13 
73 98 99 
73 99 50 
74 75 92 
74 76 16 
74 77 96 
74 78 74 
74 79 73 
74 80 82 
74 81 10 
74 82 20 
74 83 0 
74 84 1 
74 85 83 
74 86 19 
74 87 94 
74 88 57 
74 89 88 
74 90 27 
74 91 41 
74 92 13 
74 93 16 
74 94 41 
74 95 8 
74 96 95 
74 97 95 
74 98 46 
74 99 39 
75 76 47 
75 77 65 
75 78 22 
75 79 1 
75 80 2 
75 81 79 
75 82 30 
75 83 34 
75 84 56 
75 85 27 
75 86 5 
75 87 96 
75 88 3 
75 89 5 
75 90 32 
75 91 73 
75 92 27 
75 93 83 
75 94 73 
75 95 82 
75 96 28 
75 97 3 
75 98 71 
75 99 52 
76 77 43 
76 78 44 
76 79 77 
76 80 84 
76 81 22 
76 82 65 
76 83 4 
76 84 51 
76 85 54 
76 86 90 
76 87 91 
76 88 63 
76 89 2 
76 90 93 
76 91 38 
76 92 92 
76 93 77 
76 94 26 
76 95 75 
76 96 42 
76 97 4 
76 98 8 
76 99 94 
77 78 36 
77 79 84 
77 80 95 
77 81 98 
77 82 4 
77 83 56 
77 84 18 
77 85 85 
77 86 65 
77 87 12 
77 88 61 
77 89 73 
77 90 54 
77 91 30 
77 92 97 
77 93 6 
77 94 49 
77 95 32 
77 96 5 
77 97 22 
77 98 60 
77 99 7 
78 79 49 
78 80 3 
78 81 21 
78 82 99 
78 83 47 
78 84 36 
78 85 57 
78 86 65 
78 87 53 
78 88 77 
78 89 22 
78 90 46 
78 91 54 
78 92 64 
78 93 46 
78 94 73 
78 95 69 
78 96 90 
78 97 88 
78 98 72 
78 99 91 
79 80 75 
79 81 39 
79 82 79 
79 83 70 
79 84 44 
79 85 69 
79 86 79 
79 87 26 
79 88 59 
79 89 13 
79 90 27 
79 91 96 
79 92 61 
79 93 6 
79 94 38 
79 95 59 
79 96 68 
79 97 28 
79 98 85 
79 99 18 
80 81 34 
80 82 74 
80 83 78 
80 84 21 
80 85 14 
80 86 61 
80 87 73 
80 88 16 
80 89 30 
80 90 20 
80 91 71 
80 92 26 
80 93 51 
80 94 41 
80 95 26 
80 96 52 
80 97 90 
80 98 12 
80 99 2 
81 82 0 
81 83 39 
81 84 76 
81 85 54 
81 86 9 
81 87 0 
81 88 86 
81 89 46 
81 90 57 
81 91 51 
81 92 71 
81 93 80 
81 94 31 
81 95 45 
81 96 38 
81 97 32 
81 98 72 
81 99 20 
82 83 98 
82 84 3 
82 85 72 
82 86 64 
82 87 53 
82 88 25 
82 89 62 
82 90 99 
82 91 33 
82 92 91 
82 93 63 
82 94 7 
82 95 58 
82 96 32 
82 97 5 
82 98 37 
82 99 31 
83 84 47 
83 85 85 
83 86 27 
83 87 50 
83 88 62 
83 89 83 
83 90 37 
83 91 1 
83 92 62 
83 93 94 
83 94 69 
83 95 26 
83 96 88 
83 97 27 
83 98 91 
83 99 59 
84 85 4 
84 86 80 
84 87 97 
84 88 4 
84 89 25 
84 90 74 
84 91 28 
84 92 39 
84 93 85 
84 94 76 
84 95 63 
84 96 30 
84 97 83 
84 98 31 
84 99 64 
85 86 84 
85 87 82 
85 88 34 
85 89 50 
85 90 61 
85 91 52 
85 92 43 
85 93 71 
85 94 44 
85 95 72 
85 96 17 
85 97 63 
85 98 59 
85 99 78 
86 87 97 
86 88 37 
86 89 58 
86 90 58 
86 91 80 
86 92 73 
86 93 93 
86 94 93 
86 95 83 
86 96 15 
86 97 44 
86 98 80 
86 99 74 
87 88 0 
87 89 1 
87 90 97 
87 91 87 
87 92 98 
87 93 96 
87 94 56 
87 95 50 
87 96 19 
87 97 96 
87 98 10 
87 99 50 
88 89 79 
88 90 51 
88 91 86 
88 92 7 
88 93 23 
88 94 0 
88 95 70 
88 96 44 
88 97 4 
88 98 77 
88 99 69 
89 90 69 
89 91 47 
89 92 47 
89 93 15 
89 94 25 
89 95 35 
89 96 46 
89 97 88 
89 98 41 
89 99 68 
90 91 74 
90 92 39 
90 93 37 
90 94 27 
90 95 36 
90 96 40 
90 97 97 
90 98 64 
90 99 23 
91 92 1 
91 93 8 
91 94 43 
91 95 2 
91 96 87 
91 97 69 
91 98 88 
91 99 10 
92 93 19 
92 94 2 
92 95 58 
92 96 94 
92 97 3 
92 98 82 
92 99 92 
93 94 55 
93 95 16 
93 96 52 
93 97 12 
93 98 11 
93 99 3 
94 95 18 
94 96 44 
94 97 82 
94 98 89 
94 99 44 
95 96 17 
95 97 83 
95 98 82 
95 99 29 
96 97 18 
96 98 81 
96 99 14 
97 98 57 
97 99 90 
98 99 93 
