0 1 33 
0 2 39 
0 3 31 
0 4 25 
0 5 32 
0 6 3 
0 7 47 
0 8 16 
0 9 40 
0 10 16 
0 11 5 
0 12 12 
0 13 35 
0 14 22 
0 15 18 
0 16 30 
0 17 17 
0 18 47 
0 19 17 
0 20 47 
0 21 10 
0 22 47 
0 23 25 
0 24 18 
0 25 23 
0 26 34 
0 27 42 
0 28 27 
0 29 0 
0 30 35 
0 31 2 
0 32 30 
0 33 46 
0 34 34 
0 35 1 
0 36 15 
0 37 44 
0 38 11 
0 39 7 
0 40 15 
0 41 29 
0 42 37 
0 43 35 
0 44 35 
0 45 24 
0 46 24 
0 47 21 
0 48 35 
0 49 30 
1 2 41 
1 3 39 
1 4 48 
1 5 41 
1 6 37 
1 7 16 
1 8 2 
1 9 23 
1 10 5 
1 11 36 
1 12 0 
1 13 0 
1 14 39 
1 15 46 
1 16 10 
1 17 13 
1 18 49 
1 19 27 
1 20 27 
1 21 40 
1 22 33 
1 23 43 
1 24 37 
1 25 30 
1 26 18 
1 27 38 
1 28 48 
1 29 41 
1 30 19 
1 31 42 
1 32 13 
1 33 42 
1 34 47 
1 35 29 
1 36 28 
1 37 8 
1 38 39 
1 39 41 
1 40 15 
1 41 29 
1 42 32 
1 43 47 
1 44 5 
1 45 8 
1 46 35 
1 47 33 
1 48 45 
1 49 7 
2 3 22 
2 4 22 
2 5 5 
2 6 36 
2 7 18 
2 8 37 
2 9 8 
2 10 38 
2 11 2 
2 12 4 
2 13 22 
2 14 40 
2 15 28 
2 16 2 
2 17 48 
2 18 41 
2 19 31 
2 20 21 
2 21 24 
2 22 12 
2 23 14 
2 24 26 
2 25 19 
2 26 32 
2 27 44 
2 28 20 
2 29 20 
2 30 12 
2 31 48 
2 32 20 
2 33 12 
2 34 7 
2 35 39 
2 36 4 
2 37 43 
2 38 13 
2 39 34 
2 40 16 
2 41 49 
2 42 18 
2 43 33 
2 44 15 
2 45 21 
2 46 3 
2 47 7 
2 48 5 
2 49 21 
3 4 10 
3 5 27 
3 6 18 
3 7 3 
3 8 41 
3 9 15 
3 10 7 
3 11 44 
3 12 46 
3 13 29 
3 14 19 
3 15 1 
3 16 42 
3 17 5 
3 18 29 
3 19 12 
3 20 4 
3 21 32 
3 22 47 
3 23 4 
3 24 1 
3 25 4 
3 26 21 
3 27 43 
3 28 9 
3 29 8 
3 30 22 
3 31 3 
3 32 46 
3 33 19 
3 34 5 
3 35 13 
3 36 7 
3 37 13 
3 38 41 
3 39 41 
3 40 11 
3 41 46 
3 42 12 
3 43 21 
3 44 21 
3 45 36 
3 46 9 
3 47 10 
3 48 30 
3 49 32 
4 5 45 
4 6 41 
4 7 21 
4 8 39 
4 9 27 
4 10 22 
4 11 41 
4 12 35 
4 13 14 
4 14 15 
4 15 27 
4 16 26 
4 17 33 
4 18 9 
4 19 25 
4 20 39 
4 21 39 
4 22 40 
4 23 19 
4 24 34 
4 25 0 
4 26 18 
4 27 12 
4 28 45 
4 29 33 
4 30 27 
4 31 2 
4 32 13 
4 33 33 
4 34 4 
4 35 20 
4 36 34 
4 37 47 
4 38 15 
4 39 14 
4 40 7 
4 41 41 
4 42 37 
4 43 11 
4 44 46 
4 45 13 
4 46 31 
4 47 17 
4 48 25 
4 49 28 
5 6 37 
5 7 10 
5 8 30 
5 9 26 
5 10 45 
5 11 23 
5 12 16 
5 13 23 
5 14 32 
5 15 25 
5 16 39 
5 17 3 
5 18 33 
5 19 34 
5 20 40 
5 21 40 
5 22 13 
5 23 14 
5 24 14 
5 25 19 
5 26 23 
5 27 36 
5 28 8 
5 29 8 
5 30 1 
5 31 7 
5 32 34 
5 33 22 
5 34 18 
5 35 35 
5 36 33 
5 37 17 
5 38 47 
5 39 15 
5 40 45 
5 41 28 
5 42 35 
5 43 10 
5 44 3 
5 45 35 
5 46 11 
5 47 15 
5 48 36 
5 49 5 
6 7 21 
6 8 6 
6 9 15 
6 10 1 
6 11 17 
6 12 23 
6 13 15 
6 14 43 
6 15 25 
6 16 37 
6 17 26 
6 18 2 
6 19 15 
6 20 25 
6 21 25 
6 22 27 
6 23 7 
6 24 48 
6 25 11 
6 26 15 
6 27 2 
6 28 31 
6 29 42 
6 30 33 
6 31 23 
6 32 17 
6 33 1 
6 34 16 
6 35 24 
6 36 3 
6 37 46 
6 38 49 
6 39 24 
6 40 37 
6 41 16 
6 42 5 
6 43 19 
6 44 6 
6 45 16 
6 46 2 
6 47 21 
6 48 29 
6 49 43 
7 8 21 
7 9 37 
7 10 29 
7 11 38 
7 12 48 
7 13 22 
7 14 28 
7 15 44 
7 16 49 
7 17 36 
7 18 15 
7 19 38 
7 20 1 
7 21 12 
7 22 26 
7 23 2 
7 24 8 
7 25 10 
7 26 48 
7 27 27 
7 28 25 
7 29 15 
7 30 11 
7 31 42 
7 32 12 
7 33 11 
7 34 17 
7 35 44 
7 36 35 
7 37 25 
7 38 25 
7 39 22 
7 40 24 
7 41 29 
7 42 41 
7 43 2 
7 44 18 
7 45 20 
7 46 10 
7 47 20 
7 48 1 
7 49 25 
8 9 3 
8 10 14 
8 11 20 
8 12 44 
8 13 14 
8 14 49 
8 15 22 
8 16 22 
8 17 4 
8 18 6 
8 19 23 
8 20 18 
8 21 45 
8 22 9 
8 23 0 
8 24 45 
8 25 31 
8 26 38 
8 27 4 
8 28 17 
8 29 7 
8 30 41 
8 31 21 
8 32 20 
8 33 24 
8 34 14 
8 35 35 
8 36 18 
8 37 43 
8 38 0 
8 39 30 
8 40 12 
8 41 12 
8 42 17 
8 43 40 
8 44 17 
8 45 27 
8 46 32 
8 47 33 
8 48 44 
8 49 19 
9 10 3 
9 11 25 
9 12 38 
9 13 49 
9 14 11 
9 15 25 
9 16 36 
9 17 27 
9 18 38 
9 19 47 
9 20 33 
9 21 15 
9 22 35 
9 23 22 
9 24 4 
9 25 18 
9 26 39 
9 27 14 
9 28 20 
9 29 22 
9 30 22 
9 31 0 
9 32 41 
9 33 6 
9 34 12 
9 35 10 
9 36 40 
9 37 0 
9 38 35 
9 39 23 
9 40 2 
9 41 25 
9 42 37 
9 43 29 
9 44 44 
9 45 0 
9 46 34 
9 47 15 
9 48 22 
9 49 9 
10 11 15 
10 12 5 
10 13 31 
10 14 8 
10 15 21 
10 16 34 
10 17 7 
10 18 22 
10 19 46 
10 20 16 
10 21 19 
10 22 30 
10 23 5 
10 24 27 
10 25 16 
10 26 31 
10 27 29 
10 28 44 
10 29 10 
10 30 8 
10 31 6 
10 32 10 
10 33 18 
10 34 23 
10 35 23 
10 36 30 
10 37 14 
10 38 17 
10 39 48 
10 40 38 
10 41 27 
10 42 36 
10 43 30 
10 44 35 
10 45 27 
10 46 47 
10 47 8 
10 48 26 
10 49 2 
11 12 44 
11 13 41 
11 14 17 
11 15 20 
11 16 42 
11 17 49 
11 18 30 
11 19 43 
11 20 40 
11 21 11 
11 22 39 
11 23 0 
11 24 4 
11 25 35 
11 26 29 
11 27 9 
11 28 35 
11 29 38 
11 30 36 
11 31 23 
11 32 27 
11 33 46 
11 34 26 
11 35 48 
11 36 26 
11 37 38 
11 38 33 
11 39 27 
11 40 5 
11 41 11 
11 42 42 
11 43 21 
11 44 24 
11 45 49 
11 46 2 
11 47 33 
11 48 25 
11 49 39 
12 13 4 
12 14 3 
12 15 37 
12 16 6 
12 17 18 
12 18 43 
12 19 46 
12 20 49 
12 21 10 
12 22 6 
12 23 28 
12 24 10 
12 25 44 
12 26 0 
12 27 30 
12 28 40 
12 29 14 
12 30 9 
12 31 27 
12 32 8 
12 33 20 
12 34 19 
12 35 13 
12 36 14 
12 37 28 
12 38 20 
12 39 49 
12 40 17 
12 41 4 
12 42 19 
12 43 48 
12 44 0 
12 45 47 
12 46 14 
12 47 33 
12 48 10 
12 49 33 
13 14 17 
13 15 1 
13 16 19 
13 17 31 
13 18 42 
13 19 6 
13 20 10 
13 21 5 
13 22 32 
13 23 35 
13 24 38 
13 25 8 
13 26 2 
13 27 17 
13 28 16 
13 29 5 
13 30 49 
13 31 40 
13 32 46 
13 33 3 
13 34 10 
13 35 23 
13 36 24 
13 37 19 
13 38 25 
13 39 40 
13 40 40 
13 41 3 
13 42 32 
13 43 46 
13 44 3 
13 45 47 
13 46 26 
13 47 46 
13 48 25 
13 49 42 
14 15 47 
14 16 40 
14 17 42 
14 18 41 
14 19 27 
14 20 29 
14 21 26 
14 22 22 
14 23 26 
14 24 10 
14 25 23 
14 26 34 
14 27 37 
14 28 3 
14 29 37 
14 30 6 
14 31 17 
14 32 35 
14 33 35 
14 34 13 
14 35 22 
14 36 20 
14 37 47 
14 38 29 
14 39 12 
14 40 20 
14 41 47 
14 42 11 
14 43 35 
14 44 4 
14 45 46 
14 46 13 
14 47 19 
14 48 46 
14 49 40 
15 16 49 
15 17 27 
15 18 37 
15 19 36 
15 20 45 
15 21 19 
15 22 8 
15 23 34 
15 24 17 
15 25 15 
15 26 48 
15 27 41 
15 28 21 
15 29 19 
15 30 40 
15 31 34 
15 32 7 
15 33 26 
15 34 9 
15 35 4 
15 36 47 
15 37 40 
15 38 47 
15 39 7 
15 40 23 
15 41 5 
15 42 4 
15 43 1 
15 44 32 
15 45 2 
15 46 2 
15 47 24 
15 48 24 
15 49 44 
16 17 24 
16 18 11 
16 19 33 
16 20 1 
16 21 37 
16 22 12 
16 23 27 
16 24 23 
16 25 38 
16 26 6 
16 27 42 
16 28 20 
16 29 18 
16 30 12 
16 31 8 
16 32 5 
16 33 13 
16 34 9 
16 35 43 
16 36 12 
16 37 7 
16 38 49 
16 39 45 
16 40 17 
16 41 45 
16 42 18 
16 43 49 
16 44 32 
16 45 46 
16 46 0 
16 47 42 
16 48 29 
16 49 39 
17 18 29 
17 19 26 
17 20 33 
17 21 37 
17 22 42 
17 23 29 
17 24 22 
17 25 5 
17 26 49 
17 27 18 
17 28 29 
17 29 21 
17 30 30 
17 31 0 
17 32 5 
17 33 3 
17 34 45 
17 35 46 
17 36 25 
17 37 44 
17 38 4 
17 39 46 
17 40 12 
17 41 33 
17 42 2 
17 43 6 
17 44 46 
17 45 24 
17 46 15 
17 47 41 
17 48 6 
17 49 14 
18 19 41 
18 20 34 
18 21 11 
18 22 8 
18 23 28 
18 24 39 
18 25 10 
18 26 20 
18 27 16 
18 28 21 
18 29 43 
18 30 29 
18 31 47 
18 32 3 
18 33 45 
18 34 7 
18 35 8 
18 36 49 
18 37 25 
18 38 30 
18 39 17 
18 40 41 
18 41 20 
18 42 10 
18 43 14 
18 44 27 
18 45 3 
18 46 22 
18 47 37 
18 48 42 
18 49 21 
19 20 33 
19 21 36 
19 22 21 
19 23 23 
19 24 20 
19 25 25 
19 26 22 
19 27 13 
19 28 49 
19 29 16 
19 30 1 
19 31 41 
19 32 4 
19 33 14 
19 34 38 
19 35 17 
19 36 0 
19 37 4 
19 38 20 
19 39 26 
19 40 6 
19 41 4 
19 42 16 
19 43 32 
19 44 10 
19 45 48 
19 46 34 
19 47 37 
19 48 34 
19 49 7 
20 21 19 
20 22 29 
20 23 12 
20 24 31 
20 25 15 
20 26 23 
20 27 9 
20 28 44 
20 29 35 
20 30 22 
20 31 11 
20 32 34 
20 33 29 
20 34 13 
20 35 42 
20 36 28 
20 37 44 
20 38 19 
20 39 2 
20 40 45 
20 41 39 
20 42 19 
20 43 6 
20 44 48 
20 45 9 
20 46 39 
20 47 19 
20 48 12 
20 49 21 
21 22 46 
21 23 18 
21 24 16 
21 25 31 
21 26 7 
21 27 7 
21 28 11 
21 29 15 
21 30 38 
21 31 31 
21 32 24 
21 33 48 
21 34 8 
21 35 40 
21 36 15 
21 37 4 
21 38 6 
21 39 39 
21 40 23 
21 41 19 
21 42 48 
21 43 28 
21 44 46 
21 45 39 
21 46 46 
21 47 23 
21 48 47 
21 49 13 
22 23 7 
22 24 8 
22 25 36 
22 26 7 
22 27 26 
22 28 8 
22 29 33 
22 30 15 
22 31 48 
22 32 37 
22 33 20 
22 34 43 
22 35 30 
22 36 43 
22 37 2 
22 38 43 
22 39 37 
22 40 47 
22 41 34 
22 42 16 
22 43 13 
22 44 41 
22 45 0 
22 46 6 
22 47 15 
22 48 0 
22 49 40 
23 24 22 
23 25 1 
23 26 47 
23 27 5 
23 28 33 
23 29 7 
23 30 48 
23 31 42 
23 32 0 
23 33 1 
23 34 46 
23 35 31 
23 36 21 
23 37 37 
23 38 15 
23 39 31 
23 40 47 
23 41 7 
23 42 5 
23 43 40 
23 44 33 
23 45 0 
23 46 8 
23 47 23 
23 48 13 
23 49 28 
24 25 18 
24 26 42 
24 27 0 
24 28 25 
24 29 6 
24 30 43 
24 31 20 
24 32 6 
24 33 40 
24 34 38 
24 35 18 
24 36 36 
24 37 28 
24 38 7 
24 39 46 
24 40 22 
24 41 8 
24 42 26 
24 43 8 
24 44 14 
24 45 8 
24 46 30 
24 47 18 
24 48 18 
24 49 42 
25 26 37 
25 27 25 
25 28 10 
25 29 40 
25 30 45 
25 31 31 
25 32 33 
25 33 21 
25 34 39 
25 35 3 
25 36 31 
25 37 17 
25 38 37 
25 39 34 
25 40 26 
25 41 47 
25 42 2 
25 43 12 
25 44 10 
25 45 41 
25 46 37 
25 47 16 
25 48 35 
25 49 24 
26 27 13 
26 28 8 
26 29 47 
26 30 12 
26 31 33 
26 32 24 
26 33 49 
26 34 45 
26 35 18 
26 36 37 
26 37 4 
26 38 36 
26 39 32 
26 40 11 
26 41 8 
26 42 39 
26 43 42 
26 44 8 
26 45 1 
26 46 13 
26 47 40 
26 48 31 
26 49 26 
27 28 38 
27 29 36 
27 30 15 
27 31 16 
27 32 16 
27 33 40 
27 34 49 
27 35 10 
27 36 38 
27 37 3 
27 38 28 
27 39 15 
27 40 28 
27 41 41 
27 42 41 
27 43 28 
27 44 22 
27 45 16 
27 46 34 
27 47 11 
27 48 29 
27 49 0 
28 29 4 
28 30 31 
28 31 36 
28 32 1 
28 33 13 
28 34 46 
28 35 2 
28 36 8 
28 37 1 
28 38 45 
28 39 28 
28 40 4 
28 41 4 
28 42 13 
28 43 41 
28 44 22 
28 45 35 
28 46 38 
28 47 49 
28 48 29 
28 49 1 
29 30 45 
29 31 44 
29 32 18 
29 33 36 
29 34 6 
29 35 44 
29 36 28 
29 37 35 
29 38 33 
29 39 32 
29 40 44 
29 41 6 
29 42 41 
29 43 49 
29 44 17 
29 45 26 
29 46 38 
29 47 12 
29 48 20 
29 49 26 
30 31 23 
30 32 38 
30 33 23 
30 34 34 
30 35 43 
30 36 3 
30 37 0 
30 38 36 
30 39 43 
30 40 49 
30 41 40 
30 42 35 
30 43 0 
30 44 33 
30 45 25 
30 46 40 
30 47 47 
30 48 26 
30 49 24 
31 32 6 
31 33 30 
31 34 46 
31 35 10 
31 36 9 
31 37 31 
31 38 24 
31 39 16 
31 40 9 
31 41 20 
31 42 13 
31 43 44 
31 44 19 
31 45 41 
31 46 36 
31 47 44 
31 48 41 
31 49 7 
32 33 41 
32 34 26 
32 35 10 
32 36 4 
32 37 45 
32 38 6 
32 39 10 
32 40 29 
32 41 21 
32 42 29 
32 43 39 
32 44 15 
32 45 20 
32 46 29 
32 47 45 
32 48 27 
32 49 46 
33 34 27 
33 35 8 
33 36 23 
33 37 28 
33 38 18 
33 39 32 
33 40 9 
33 41 28 
33 42 38 
33 43 18 
33 44 16 
33 45 12 
33 46 44 
33 47 29 
33 48 44 
33 49 4 
34 35 16 
34 36 16 
34 37 43 
34 38 28 
34 39 32 
34 40 17 
34 41 22 
34 42 17 
34 43 41 
34 44 1 
34 45 1 
34 46 48 
34 47 37 
34 48 7 
34 49 26 
35 36 44 
35 37 40 
35 38 16 
35 39 32 
35 40 33 
35 41 10 
35 42 7 
35 43 39 
35 44 11 
35 45 28 
35 46 46 
35 47 8 
35 48 24 
35 49 38 
36 37 46 
36 38 4 
36 39 30 
36 40 2 
36 41 33 
36 42 46 
36 43 20 
36 44 11 
36 45 49 
36 46 14 
36 47 21 
36 48 12 
36 49 5 
37 38 43 
37 39 16 
37 40 18 
37 41 3 
37 42 41 
37 43 9 
37 44 8 
37 45 39 
37 46 27 
37 47 26 
37 48 42 
37 49 1 
38 39 9 
38 40 10 
38 41 20 
38 42 34 
38 43 35 
38 44 6 
38 45 22 
38 46 0 
38 47 10 
38 48 33 
38 49 46 
39 40 5 
39 41 11 
39 42 22 
39 43 2 
39 44 40 
39 45 48 
39 46 43 
39 47 4 
39 48 26 
39 49 9 
40 41 0 
40 42 20 
40 43 33 
40 44 16 
40 45 39 
40 46 12 
40 47 35 
40 48 47 
40 49 7 
41 42 33 
41 43 31 
41 44 6 
41 45 18 
41 46 49 
41 47 7 
41 48 48 
41 49 18 
42 43 29 
42 44 33 
42 45 3 
42 46 32 
42 47 15 
42 48 32 
42 49 4 
43 44 39 
43 45 46 
43 46 45 
43 47 6 
43 48 36 
43 49 26 
44 45 20 
44 46 9 
44 47 2 
44 48 29 
44 49 2 
45 46 4 
45 47 27 
45 48 20 
45 49 20 
46 47 32 
46 48 4 
46 49 3 
47 48 17 
47 49 35 
48 49 32 
